-422.75 	0 	0 	0.2
-324.0 	1 	0 	0.2
-462.5 	2 	0 	0.2
-404.0 	3 	0 	0.2
-34.0 	4 	1 	0.2
-303.0 	5 	0 	0.2
-309.5 	6 	0 	0.2
-153.0 	7 	0 	0.2
-367.0 	8 	0 	0.2
-341.0 	9 	0 	0.2
-163.5 	10 	0 	0.2
-211.0 	11 	0 	0.2
-376.0 	12 	0 	0.2
-304.0 	13 	0 	0.2
-360.0 	14 	0 	0.2
-265.5 	15 	0 	0.2
-255.5 	16 	0 	0.2
-263.0 	17 	0 	0.2
-402.0 	18 	1 	0.2
-273.0 	18 	0 	0.2
-208.0 	19 	0 	0.2
-336.0 	20 	0 	0.2
-215.0 	21 	0 	0.2
-270.0 	22 	0 	0.2
-220.0 	23 	0 	0.2
-189.5 	24 	0 	0.2
-239.0 	25 	0 	0.2
-247.5 	26 	0 	0.2
-265.5 	27 	0 	0.2
-186.50000000000006 	28 	0 	0.2
-226.0 	29 	0 	0.2
-319.0 	30 	0 	0.2
-220.5 	31 	0 	0.2
-325.5 	32 	0 	0.2
-275.5 	33 	0 	0.2
-201.5 	34 	0 	0.2
-372.5 	35 	0 	0.2
-201.5 	36 	0 	0.2
-180.5 	37 	0 	0.2
-195.0 	38 	0 	0.2
-275.0 	39 	0 	0.2
-297.0 	40 	0 	0.2
-254.0 	41 	0 	0.2
-234.0 	42 	0 	0.2
-392.5 	43 	0 	0.2
-332.0 	44 	0 	0.2
-348.5 	45 	1 	0.2
-244.5 	46 	0 	0.2
-401.0 	47 	1 	0.2
-285.0 	48 	0 	0.2
-240.5 	49 	0 	0.2
-246.0 	50 	0 	0.2
-278.0 	51 	0 	0.2
-147.5 	52 	0 	0.2
-250.5 	53 	0 	0.2
-173.0 	54 	1 	0.2
-313.0 	55 	0 	0.2
-244.5 	56 	1 	0.2
-224.5 	57 	0 	0.2
-209.5 	58 	0 	0.2
-244.5 	59 	0 	0.2
-210.0 	60 	0 	0.2
-204.0 	61 	0 	0.2
-196.0 	62 	1 	0.2
-348.5 	63 	0 	0.2
-201.0 	64 	0 	0.2
-278.0 	65 	1 	0.2
-197.5 	66 	0 	0.2
-192.0 	67 	0 	0.2
-276.0 	68 	0 	0.2
-196.0 	69 	0 	0.2
-78.5 	70 	1 	0.2
-143.0 	71 	0 	0.2
-233.5 	72 	0 	0.2
-216.0 	73 	0 	0.2
-345.0 	74 	0 	0.2
-406.5 	75 	0 	0.2
-272.0 	76 	0 	0.2
-238.5 	77 	0 	0.2
-47.5 	78 	1 	0.2
-267.00000000000006 	79 	0 	0.2
-190.0 	80 	1 	0.2
-283.0 	81 	0 	0.2
-296.5 	82 	0 	0.2
-414.5 	83 	0 	0.2
-261.0 	84 	0 	0.2
-125.5 	85 	0 	0.2
-127.4 	86 	0 	0.2
-224.5 	87 	0 	0.2
-291.0 	88 	0 	0.2
109.0 	89 	1 	0.2
-129.0 	90 	1 	0.2
-289.5 	91 	0 	0.2
-287.5 	92 	0 	0.2
-321.5 	93 	0 	0.2
-174.5 	94 	0 	0.2
-287.0 	95 	0 	0.2
-48.5 	96 	1 	0.2
-54.0 	97 	1 	0.2
-224.0 	98 	0 	0.2
-119.5 	99 	1 	0.2
-122.0 	100 	1 	0.2
-54.5 	101 	1 	0.2
-220.9 	102 	0 	0.2
-402.5 	103 	0 	0.2
-287.0 	104 	0 	0.2
58.0 	105 	1 	0.2
-354.5 	106 	0 	0.2
-208.0 	107 	0 	0.2
-195.5 	108 	1 	0.2
-246.0 	109 	0 	0.2
-158.5 	110 	1 	0.2
-285.0 	111 	0 	0.2
-288.5 	112 	0 	0.2
-186.0 	113 	1 	0.2
-87.5 	114 	1 	0.2
-169.0 	115 	0 	0.2
-230.0 	116 	1 	0.2
-361.5 	117 	1 	0.2
11.5 	118 	1 	0.2
-96.5 	119 	0 	0.2
-235.5 	120 	0 	0.2
-306.0 	121 	0 	0.2
-308.90000000000003 	122 	1 	0.2
-256.0 	123 	0 	0.2
-327.5 	124 	0 	0.2
-253.5 	125 	0 	0.2
-200.0 	126 	1 	0.2
-210.5 	127 	0 	0.2
-246.5 	128 	0 	0.2
-206.5 	129 	0 	0.2
-228.0 	130 	0 	0.2
-110.5 	131 	1 	0.2
-323.0 	132 	1 	0.2
-249.5 	133 	0 	0.2
-274.0 	134 	0 	0.2
-334.0 	135 	0 	0.2
-209.5 	136 	0 	0.2
-262.0 	137 	0 	0.2
-333.5 	138 	0 	0.2
-329.7750000000001 	139 	0 	0.2
-166.5 	140 	0 	0.2
-119.0 	141 	1 	0.2
-43.5 	142 	1 	0.2
-234.5 	143 	0 	0.2
-167.0 	144 	1 	0.2
-320.5 	145 	0 	0.2
-405.0 	146 	0 	0.2
-364.5 	147 	0 	0.2
-289.5 	148 	0 	0.2
-273.5 	149 	0 	0.2
-154.0 	150 	1 	0.2
-171.5 	151 	0 	0.2
-334.5 	152 	1 	0.2
8.5 	153 	1 	0.2
-219.0 	154 	0 	0.2
-228.5 	155 	0 	0.2
-66.0 	156 	1 	0.2
-167.5 	157 	0 	0.2
-334.5 	158 	0 	0.2
-330.0 	159 	0 	0.2
-148.5 	160 	1 	0.2
-34.0 	161 	1 	0.2
-243.0 	162 	0 	0.2
-41.5 	163 	1 	0.2
-296.0 	164 	0 	0.2
11.5 	165 	1 	0.2
-205.1 	166 	0 	0.2
-184.4 	167 	1 	0.2
-236.0 	168 	0 	0.2
-94.0 	169 	1 	0.2
-30.0 	170 	1 	0.2
-161.5 	171 	0 	0.2
-136.5 	172 	0 	0.2
-181.0 	173 	0 	0.2
-223.5 	174 	0 	0.2
-253.0 	175 	1 	0.2
-16.0 	176 	1 	0.2
-229.0 	177 	0 	0.2
-264.5 	178 	0 	0.2
-38.00000000000009 	179 	1 	0.2
-193.5 	180 	1 	0.2
-220.5 	181 	0 	0.2
-218.5 	182 	0 	0.2
-79.5 	183 	1 	0.2
-247.0 	184 	0 	0.2
-191.0 	185 	0 	0.2
-136.0 	186 	1 	0.2
-255.5 	187 	0 	0.2
-100.5 	188 	0 	0.2
-328.5 	189 	0 	0.2
-229.5 	190 	0 	0.2
-150.0 	191 	0 	0.2
-200.5 	192 	1 	0.2
-268.0 	193 	0 	0.2
-189.5 	194 	0 	0.2
-72.0 	195 	1 	0.2
-73.5 	196 	1 	0.2
-183.5 	197 	1 	0.2
-412.5 	198 	0 	0.2
-77.0 	199 	1 	0.2
-157.5 	200 	1 	0.2
-299.0 	201 	0 	0.2
-137.0 	202 	0 	0.2
-161.00000000000009 	203 	0 	0.2
-215.5 	204 	1 	0.2
-335.0 	205 	0 	0.2
-248.0 	206 	0 	0.2
17.0 	207 	1 	0.2
-213.0 	208 	0 	0.2
-96.0 	209 	0 	0.2
-115.5 	210 	1 	0.2
-231.5 	211 	0 	0.2
-299.0 	212 	0 	0.2
-249.5 	213 	0 	0.2
-413.0 	214 	1 	0.2
-279.5 	215 	0 	0.2
-137.5 	216 	1 	0.2
-156.5 	217 	1 	0.2
-345.5 	218 	0 	0.2
-81.5 	219 	1 	0.2
-58.0 	220 	1 	0.2
-163.0 	221 	1 	0.2
-124.0 	222 	0 	0.2
-346.0 	223 	0 	0.2
-198.5 	224 	0 	0.2
-196.0 	225 	0 	0.2
-211.0 	226 	1 	0.2
-77.0 	227 	1 	0.2
-286.0 	228 	0 	0.2
-4.0 	229 	1 	0.2
-20.0 	230 	1 	0.2
-64.5 	231 	1 	0.2
-59.5 	232 	0 	0.2
-204.0 	233 	0 	0.2
-10.5 	234 	1 	0.2
-162.6 	235 	0 	0.2
-143.5 	236 	0 	0.2
-186.5 	237 	0 	0.2
-184.0 	238 	1 	0.2
-176.5 	239 	0 	0.2
-191.0 	240 	0 	0.2
-159.0 	241 	0 	0.2
-83.0 	242 	1 	0.2
-74.0 	243 	1 	0.2
-47.5 	244 	1 	0.2
-210.0 	245 	0 	0.2
-216.00000000000009 	246 	0 	0.2
-250.5 	247 	1 	0.2
-140.0 	248 	0 	0.2
-382.5 	249 	0 	0.2
3.0 	250 	1 	0.2
-245.3 	251 	0 	0.2
-234.0 	252 	0 	0.2
-87.0 	253 	1 	0.2
-331.5 	254 	0 	0.2
-136.5 	255 	0 	0.2
57.5 	256 	1 	0.2
-190.5 	257 	0 	0.2
-143.5 	258 	0 	0.2
-149.0 	259 	0 	0.2
-294.0 	260 	0 	0.2
63.5 	261 	1 	0.2
-158.0 	262 	0 	0.2
-209.5 	263 	0 	0.2
-234.5 	264 	0 	0.2
-190.5 	265 	0 	0.2
-249.5 	266 	0 	0.2
-293.5 	267 	0 	0.2
-242.0 	268 	1 	0.2
-330.0 	269 	1 	0.2
-176.0 	270 	1 	0.2
-261.0 	271 	1 	0.2
-9.0 	272 	1 	0.2
-317.5 	273 	0 	0.2
-370.5 	274 	0 	0.2
-259.5 	275 	0 	0.2
30.0 	276 	1 	0.2
-74.5 	277 	0 	0.2
-171.0 	278 	0 	0.2
-220.0 	279 	0 	0.2
-76.70000000000002 	280 	1 	0.2
-201.5 	281 	0 	0.2
32.0 	282 	1 	0.2
-188.5 	283 	0 	0.2
-39.0 	284 	1 	0.2
-229.0 	285 	1 	0.2
-262.0 	286 	0 	0.2
-62.0 	287 	1 	0.2
-219.5 	288 	0 	0.2
-181.5 	289 	0 	0.2
-126.5 	290 	1 	0.2
-100.5 	291 	1 	0.2
-333.5 	292 	0 	0.2
-360.5 	293 	0 	0.2
-133.5 	294 	1 	0.2
-45.0 	295 	1 	0.2
-215.5 	296 	0 	0.2
-94.0 	297 	1 	0.2
-160.5 	298 	0 	0.2
-106.0 	299 	1 	0.2
-102.5 	300 	1 	0.2
-223.5 	301 	0 	0.2
-245.5 	302 	0 	0.2
16.0 	303 	1 	0.2
128.0 	304 	1 	0.2
-241.5 	305 	1 	0.2
-57.5 	306 	1 	0.2
-274.5 	307 	0 	0.2
-87.0 	308 	0 	0.2
-278.0 	309 	0 	0.2
22.0 	310 	1 	0.2
-197.0 	311 	0 	0.2
-220.5 	312 	0 	0.2
-263.5 	313 	0 	0.2
-61.5 	314 	1 	0.2
-107.0 	315 	1 	0.2
-169.0 	316 	0 	0.2
-45.5 	317 	1 	0.2
-260.0 	318 	0 	0.2
-102.0 	319 	0 	0.2
-126.5 	320 	1 	0.2
-103.5 	321 	1 	0.2
27.0 	322 	1 	0.2
-153.0 	323 	0 	0.2
-90.5 	324 	1 	0.2
-271.5 	325 	0 	0.2
-78.5 	326 	1 	0.2
-114.5 	327 	0 	0.2
37.0 	328 	1 	0.2
-334.5 	329 	0 	0.2
-406.0 	330 	1 	0.2
-76.0 	331 	0 	0.2
-108.0 	332 	1 	0.2
-86.5 	333 	1 	0.2
-122.0 	334 	0 	0.2
-319.0 	335 	0 	0.2
-93.0 	336 	1 	0.2
-296.0 	337 	0 	0.2
-83.5 	338 	1 	0.2
-26.5 	339 	1 	0.2
-182.5 	340 	1 	0.2
-106.5 	341 	1 	0.2
-182.0 	342 	0 	0.2
-89.0 	343 	1 	0.2
-4.0 	344 	1 	0.2
-219.0 	345 	0 	0.2
-158.5 	346 	1 	0.2
-247.5 	347 	1 	0.2
-149.5 	348 	0 	0.2
-309.5 	349 	1 	0.2
-31.5 	350 	1 	0.2
-130.5 	351 	1 	0.2
-79.0 	352 	1 	0.2
-342.0 	353 	0 	0.2
-325.5 	354 	0 	0.2
-207.5 	355 	0 	0.2
-215.0 	356 	0 	0.2
-159.5 	357 	1 	0.2
19.5 	358 	1 	0.2
-86.5 	359 	1 	0.2
-144.0 	360 	1 	0.2
-202.0 	361 	0 	0.2
8.5 	362 	1 	0.2
-65.0 	363 	1 	0.2
-14.5 	364 	1 	0.2
-170.50000000000006 	365 	0 	0.2
-234.5 	366 	0 	0.2
-119.0 	367 	0 	0.2
-242.5 	368 	1 	0.2
-89.5 	369 	1 	0.2
-423.5 	370 	0 	0.2
-234.0 	371 	0 	0.2
-278.0 	372 	0 	0.2
-47.5 	373 	1 	0.2
-53.5 	374 	1 	0.2
-306.0 	375 	1 	0.2
-235.5 	376 	0 	0.2
-223.5 	377 	0 	0.2
68.0 	378 	1 	0.2
-296.5 	379 	0 	0.2
-273.5 	380 	0 	0.2
-41.5 	381 	1 	0.2
-298.5 	382 	0 	0.2
-211.0 	383 	1 	0.2
-222.5 	384 	0 	0.2
-283.5 	385 	0 	0.2
-189.5 	386 	1 	0.2
-237.0 	387 	1 	0.2
-216.0 	388 	0 	0.2
-192.5 	389 	1 	0.2
-353.5 	390 	0 	0.2
-117.5 	391 	1 	0.2
-180.5 	392 	1 	0.2
-213.0 	393 	0 	0.2
-52.0 	394 	1 	0.2
-174.0 	395 	0 	0.2
-382.0 	396 	0 	0.2
-274.5 	397 	0 	0.2
-270.0 	398 	0 	0.2
32.0 	399 	1 	0.2
-20.5 	400 	1 	0.2
-72.0 	401 	1 	0.2
16.0 	402 	1 	0.2
-300.5 	403 	0 	0.2
26.5 	404 	1 	0.2
-265.5 	405 	0 	0.2
-238.5 	406 	0 	0.2
-139.0 	407 	0 	0.2
-140.9 	408 	0 	0.2
-138.0 	409 	1 	0.2
-107.5 	410 	1 	0.2
-45.0 	411 	1 	0.2
-68.5 	412 	1 	0.2
-241.5 	413 	1 	0.2
-98.5 	414 	1 	0.2
-281.8000000000004 	415 	0 	0.2
-24.5 	416 	1 	0.2
-9.0 	417 	1 	0.2
-236.5 	418 	0 	0.2
-47.0 	419 	1 	0.2
-119.0 	420 	1 	0.2
-266.0 	421 	0 	0.2
-87.0 	422 	1 	0.2
-324.9 	423 	1 	0.2
-222.0 	424 	0 	0.2
-211.5 	425 	1 	0.2
-167.0 	426 	1 	0.2
-168.5 	427 	0 	0.2
12.5 	428 	1 	0.2
-229.5 	429 	0 	0.2
-210.0 	430 	0 	0.2
-417.5 	431 	0 	0.2
-261.0 	432 	1 	0.2
-28.5 	433 	1 	0.2
-272.0 	434 	0 	0.2
-27.0 	435 	1 	0.2
-219.5 	436 	0 	0.2
37.0 	437 	1 	0.2
-196.5 	438 	1 	0.2
-150.5 	439 	0 	0.2
-156.5 	440 	1 	0.2
-141.5 	441 	1 	0.2
-218.5 	442 	0 	0.2
-270.5 	443 	0 	0.2
-164.5 	444 	0 	0.2
-197.0 	445 	1 	0.2
-97.0 	446 	1 	0.2
-117.0 	447 	1 	0.2
-333.5 	448 	0 	0.2
-332.0 	449 	1 	0.2
-91.0 	450 	0 	0.2
-109.0 	451 	1 	0.2
-228.5 	452 	1 	0.2
-108.0 	453 	1 	0.2
-13.5 	454 	1 	0.2
-31.0 	455 	1 	0.2
-234.0 	456 	1 	0.2
0.0 	457 	1 	0.2
-72.0 	458 	1 	0.2
-77.0 	459 	1 	0.2
-86.0 	460 	1 	0.2
-98.0 	461 	1 	0.2
-148.5 	462 	1 	0.2
-111.0 	463 	1 	0.2
-107.5 	464 	1 	0.2
-31.5 	465 	1 	0.2
-45.5 	466 	1 	0.2
-5.0 	467 	1 	0.2
-268.5 	468 	0 	0.2
-148.0 	469 	1 	0.2
-196.0 	470 	1 	0.2
-159.0 	471 	0 	0.2
-73.5 	472 	1 	0.2
-160.0 	473 	1 	0.2
-135.5 	474 	0 	0.2
-93.0 	475 	1 	0.2
-34.0 	476 	1 	0.2
-143.0 	477 	1 	0.2
-220.0 	478 	1 	0.2
-202.5 	479 	0 	0.2
15.5 	480 	1 	0.2
-149.0 	481 	1 	0.2
-133.5 	482 	0 	0.2
-77.0 	483 	1 	0.2
-188.5 	484 	0 	0.2
-30.5 	485 	1 	0.2
-5.0 	486 	1 	0.2
-166.5 	487 	0 	0.2
-153.60000000000005 	488 	1 	0.2
-197.5 	489 	0 	0.2
-174.5 	490 	0 	0.2
-80.0 	491 	0 	0.2
-206.0 	492 	1 	0.2
-198.0 	493 	0 	0.2
-274.5 	494 	0 	0.2
-115.0 	495 	1 	0.2
-20.5 	496 	1 	0.2
-148.5 	497 	1 	0.2
-150.0 	498 	1 	0.2
-251.0 	499 	1 	0.2
-343.5 	500 	0 	0.2
-217.7999999999999 	501 	0 	0.2
-280.0 	502 	0 	0.2
-204.0 	503 	1 	0.2
-163.0 	504 	1 	0.2
-152.5 	505 	0 	0.2
-143.5 	506 	1 	0.2
-115.5 	507 	1 	0.2
-367.5 	508 	0 	0.2
-79.49999999999987 	509 	0 	0.2
57.0 	510 	1 	0.2
-54.800000000000026 	511 	0 	0.2
-61.5 	512 	1 	0.2
-90.5 	513 	1 	0.2
-97.5 	514 	0 	0.2
-268.5 	515 	0 	0.2
-283.0 	516 	0 	0.2
-173.5 	517 	0 	0.2
-239.0 	518 	1 	0.2
-166.5 	519 	0 	0.2
-216.5 	520 	0 	0.2
-249.5 	521 	0 	0.2
-72.5 	522 	1 	0.2
-186.0 	523 	0 	0.2
-277.5 	524 	0 	0.2
-93.5 	525 	1 	0.2
-47.900000000000034 	526 	1 	0.2
-200.5 	527 	1 	0.2
-229.0 	528 	0 	0.2
-160.0 	529 	0 	0.2
-121.5 	530 	0 	0.2
-275.9 	531 	0 	0.2
-297.5 	532 	0 	0.2
-190.0 	533 	0 	0.2
-136.0 	534 	1 	0.2
-122.5 	535 	1 	0.2
-134.0 	536 	1 	0.2
-79.5 	537 	1 	0.2
-166.5 	538 	0 	0.2
-109.5 	539 	0 	0.2
-240.5 	540 	0 	0.2
-26.5 	541 	1 	0.2
-251.0 	542 	0 	0.2
-239.0 	543 	0 	0.2
-169.5 	544 	0 	0.2
-320.0 	545 	0 	0.2
-127.0 	546 	1 	0.2
-291.0 	547 	0 	0.2
-164.5 	548 	1 	0.2
-301.0 	549 	0 	0.2
-291.0 	550 	0 	0.2
-249.5 	551 	1 	0.2
-187.5 	552 	0 	0.2
-4.5 	553 	1 	0.2
-187.0 	554 	1 	0.2
-140.5 	555 	1 	0.2
-45.5 	556 	1 	0.2
-237.5 	557 	1 	0.2
-212.0 	558 	0 	0.2
-170.5 	559 	0 	0.2
-270.0 	560 	0 	0.2
-236.0 	561 	1 	0.2
-335.5 	562 	0 	0.2
-55.0 	563 	1 	0.2
-352.5 	564 	0 	0.2
-235.5 	565 	1 	0.2
-188.0 	566 	0 	0.2
-58.0 	567 	1 	0.2
-205.5 	568 	0 	0.2
-195.0 	569 	0 	0.2
-94.5 	570 	1 	0.2
-385.0 	571 	0 	0.2
-188.5 	572 	0 	0.2
-133.0 	573 	1 	0.2
31.0 	574 	1 	0.2
-170.0 	575 	0 	0.2
-36.0 	576 	0 	0.2
-13.0 	577 	1 	0.2
-188.0 	578 	1 	0.2
-36.0 	579 	1 	0.2
-151.5 	580 	1 	0.2
-141.5 	581 	0 	0.2
-253.0 	582 	0 	0.2
-151.0 	583 	0 	0.2
-252.5 	584 	0 	0.2
-22.0 	585 	1 	0.2
-76.5 	586 	1 	0.2
-108.0 	587 	1 	0.2
-211.0 	588 	1 	0.2
-307.5 	589 	0 	0.2
-196.5 	590 	0 	0.2
24.0 	591 	1 	0.2
-3.5 	592 	1 	0.2
-237.0 	593 	1 	0.2
18.5 	594 	1 	0.2
-97.0 	595 	1 	0.2
-148.0 	596 	1 	0.2
-50.5 	597 	1 	0.2
-171.5 	598 	0 	0.2
-190.5 	599 	1 	0.2
-112.0 	600 	1 	0.2
-202.5 	601 	0 	0.2
-41.0 	602 	1 	0.2
-293.45000000000005 	603 	0 	0.2
-188.5 	604 	1 	0.2
16.0 	605 	1 	0.2
-175.0 	606 	1 	0.2
-78.0 	607 	1 	0.2
-108.0 	608 	0 	0.2
-304.5 	609 	0 	0.2
-91.0 	610 	1 	0.2
-293.5 	611 	0 	0.2
-52.5 	612 	1 	0.2
-293.0 	613 	0 	0.2
-250.5 	614 	0 	0.2
-242.0 	615 	0 	0.2
-102.5 	616 	0 	0.2
-270.5 	617 	0 	0.2
-231.5 	618 	0 	0.2
-140.5 	619 	1 	0.2
-56.0 	620 	1 	0.2
-211.0 	621 	0 	0.2
-202.0 	622 	0 	0.2
-152.5 	623 	0 	0.2
-174.5 	624 	1 	0.2
-163.5 	625 	1 	0.2
-219.5 	626 	0 	0.2
-166.5 	627 	0 	0.2
-323.0 	628 	1 	0.2
-215.0 	629 	0 	0.2
-223.5 	630 	0 	0.2
-202.0 	631 	0 	0.2
22.0 	632 	1 	0.2
-182.0 	633 	0 	0.2
-255.5 	634 	0 	0.2
-90.0 	635 	0 	0.2
-200.5 	636 	0 	0.2
-197.0 	637 	1 	0.2
-290.0 	638 	1 	0.2
-305.0 	639 	0 	0.2
-441.0 	640 	1 	0.2
-281.0 	641 	0 	0.2
-292.0 	642 	1 	0.2
-36.5 	643 	1 	0.2
-5.0 	644 	1 	0.2
-194.5 	645 	0 	0.2
-199.5 	646 	0 	0.2
-162.0 	647 	1 	0.2
-75.5 	648 	1 	0.2
-55.0 	649 	1 	0.2
-251.0 	650 	0 	0.2
-122.0 	651 	0 	0.2
-401.5 	652 	1 	0.2
-108.0 	653 	1 	0.2
1.0 	654 	1 	0.2
-23.0 	655 	1 	0.2
-102.0 	656 	0 	0.2
-227.5 	657 	0 	0.2
-199.5 	658 	0 	0.2
-100.0 	659 	1 	0.2
-85.0 	660 	1 	0.2
126.0 	661 	1 	0.2
-264.0 	662 	0 	0.2
-366.5 	663 	0 	0.2
14.5 	664 	1 	0.2
31.0 	665 	1 	0.2
-300.5 	666 	0 	0.2
-274.5 	667 	1 	0.2
-149.5 	668 	1 	0.2
-45.0 	669 	1 	0.2
-174.0 	670 	0 	0.2
-104.5 	671 	1 	0.2
-157.0 	672 	1 	0.2
-196.3000000000001 	673 	0 	0.2
61.0 	674 	1 	0.2
-167.0 	675 	0 	0.2
-90.0 	676 	1 	0.2
-99.5 	677 	0 	0.2
-284.5 	678 	0 	0.2
-268.0 	679 	1 	0.2
-64.59999999999997 	680 	1 	0.2
-301.5 	681 	0 	0.2
-102.0 	682 	1 	0.2
16.6 	683 	1 	0.2
11.5 	684 	1 	0.2
-10.5 	685 	1 	0.2
-407.0 	686 	0 	0.2
-120.0 	687 	1 	0.2
-231.5 	688 	0 	0.2
-5.0 	689 	1 	0.2
-237.5 	690 	0 	0.2
35.0 	691 	1 	0.2
-199.0 	692 	0 	0.2
-10.0 	693 	1 	0.2
-190.0 	694 	0 	0.2
35.5 	695 	1 	0.2
-65.5 	696 	1 	0.2
-155.3000000000001 	697 	1 	0.2
-19.0 	698 	1 	0.2
-16.5 	699 	1 	0.2
-123.0 	700 	1 	0.2
-121.5 	701 	1 	0.2
-196.0 	702 	0 	0.2
-154.5 	703 	1 	0.2
-141.5 	704 	1 	0.2
-146.5 	705 	1 	0.2
-217.5 	706 	0 	0.2
-197.0 	707 	0 	0.2
-304.5 	708 	0 	0.2
-111.0 	709 	0 	0.2
-234.5 	710 	0 	0.2
-167.0 	711 	0 	0.2
1.5 	712 	1 	0.2
-233.5 	713 	0 	0.2
-4.5 	714 	1 	0.2
-46.0 	715 	1 	0.2
-73.5 	716 	1 	0.2
-285.0 	717 	0 	0.2
-92.0 	718 	1 	0.2
1.5 	719 	1 	0.2
-184.0 	720 	0 	0.2
-119.0 	721 	0 	0.2
-235.5 	722 	1 	0.2
47.0 	723 	1 	0.2
-156.5 	724 	0 	0.2
-86.0 	725 	1 	0.2
-312.5 	726 	0 	0.2
-216.8125 	727 	0 	0.2
-64.0 	728 	1 	0.2
-176.5 	729 	0 	0.2
-144.0 	730 	0 	0.2
38.5 	731 	1 	0.2
7.0 	732 	1 	0.2
-149.5 	733 	0 	0.2
-179.0 	734 	0 	0.2
-160.5 	735 	0 	0.2
-98.5 	736 	1 	0.2
-109.0 	737 	1 	0.2
-239.5 	738 	0 	0.2
-110.5 	739 	1 	0.2
-241.5 	740 	1 	0.2
126.0 	741 	1 	0.2
-226.0 	742 	0 	0.2
-51.5 	743 	1 	0.2
-153.0 	744 	0 	0.2
-86.0 	745 	1 	0.2
-84.5 	746 	1 	0.2
-95.5 	747 	0 	0.2
-173.0999999999999 	748 	0 	0.2
-232.0 	749 	0 	0.2
16.0 	750 	1 	0.2
-87.0 	751 	1 	0.2
-0.5 	752 	1 	0.2
-66.5 	753 	1 	0.2
10.5 	754 	1 	0.2
-55.5 	755 	1 	0.2
-165.0 	756 	0 	0.2
-196.5 	757 	1 	0.2
-108.5 	758 	0 	0.2
-147.0 	759 	0 	0.2
-180.5 	760 	0 	0.2
-87.0 	761 	1 	0.2
-61.5 	762 	1 	0.2
-86.5 	763 	1 	0.2
-85.0 	764 	0 	0.2
-215.5 	765 	1 	0.2
-102.0 	766 	1 	0.2
-204.0 	767 	0 	0.2
-42.5 	768 	1 	0.2
-9.5 	769 	1 	0.2
-367.0 	770 	0 	0.2
-232.5 	771 	1 	0.2
-303.5 	772 	0 	0.2
-75.5 	773 	1 	0.2
-242.0 	774 	0 	0.2
-317.5 	775 	0 	0.2
37.0 	776 	1 	0.2
-293.0 	777 	0 	0.2
-246.5 	778 	1 	0.2
-147.0 	779 	0 	0.2
-128.0 	780 	1 	0.2
-145.0 	781 	0 	0.2
-243.0 	782 	0 	0.2
-355.0 	783 	0 	0.2
-146.0 	784 	0 	0.2
-164.5 	785 	0 	0.2
-222.49999999999997 	786 	0 	0.2
110.0 	787 	1 	0.2
-214.0 	788 	0 	0.2
-72.5 	789 	1 	0.2
-199.12499999999997 	790 	0 	0.2
-146.5 	791 	0 	0.2
76.0 	792 	1 	0.2
-150.99999999999994 	793 	1 	0.2
-87.0 	794 	1 	0.2
49.5 	795 	1 	0.2
-205.0 	796 	1 	0.2
-81.5 	797 	1 	0.2
-214.0 	798 	0 	0.2
-106.89999999999995 	799 	0 	0.2
-187.0 	800 	1 	0.2
-227.5 	801 	1 	0.2
-53.5 	802 	1 	0.2
-165.0 	803 	0 	0.2
-291.5 	804 	0 	0.2
-205.0 	805 	0 	0.2
-234.0 	806 	0 	0.2
-209.5 	807 	0 	0.2
-285.0 	808 	0 	0.2
-179.70000000000005 	809 	1 	0.2
58.0 	810 	1 	0.2
121.0 	811 	1 	0.2
-228.0 	812 	0 	0.2
-156.0 	813 	1 	0.2
-131.5 	814 	1 	0.2
-211.5 	815 	1 	0.2
-87.0 	816 	1 	0.2
-87.5 	817 	1 	0.2
-76.5 	818 	1 	0.2
-120.0 	819 	1 	0.2
-186.0 	820 	0 	0.2
38.0 	821 	1 	0.2
86.0 	822 	1 	0.2
-229.5 	823 	0 	0.2
-273.5 	824 	0 	0.2
-150.20000000000005 	825 	1 	0.2
-8.0 	826 	1 	0.2
-142.0 	827 	0 	0.2
-162.0 	828 	1 	0.2
-123.5 	829 	1 	0.2
-30.0 	830 	1 	0.2
-5.399999999999999 	831 	1 	0.2
-100.49999999999997 	832 	1 	0.2
-189.0 	833 	0 	0.2
-255.0 	834 	0 	0.2
-292.0 	835 	0 	0.2
132.0 	836 	1 	0.2
-233.0 	837 	0 	0.2
-21.0 	838 	1 	0.2
-148.5 	839 	1 	0.2
-136.5 	840 	1 	0.2
-192.0 	841 	0 	0.2
36.5 	842 	1 	0.2
-34.5 	843 	1 	0.2
-269.0 	844 	1 	0.2
20.5 	845 	1 	0.2
14.5 	846 	1 	0.2
-92.0 	847 	0 	0.2
-44.0 	848 	1 	0.2
-198.0 	849 	0 	0.2
-161.5 	850 	1 	0.2
-107.0 	851 	0 	0.2
-79.5 	852 	1 	0.2
-66.0 	853 	1 	0.2
-121.0 	854 	1 	0.2
-89.5 	855 	1 	0.2
-4.5 	856 	1 	0.2
-97.5 	857 	1 	0.2
-236.0 	858 	0 	0.2
-301.0 	859 	0 	0.2
-21.5 	860 	1 	0.2
-63.5 	861 	1 	0.2
-118.5 	862 	1 	0.2
-197.0 	863 	0 	0.2
-177.5 	864 	0 	0.2
28.5 	865 	1 	0.2
-124.5 	866 	0 	0.2
-211.5 	867 	0 	0.2
-46.5 	868 	1 	0.2
-197.0 	869 	1 	0.2
-75.5 	870 	0 	0.2
-60.5 	871 	0 	0.2
-359.09999999999997 	872 	0 	0.2
-61.5 	873 	1 	0.2
-109.0 	874 	1 	0.2
-261.0 	875 	1 	0.2
-110.0 	876 	0 	0.2
-99.5 	877 	1 	0.2
-220.0 	878 	0 	0.2
-71.5 	879 	1 	0.2
-167.5 	880 	1 	0.2
-53.0 	881 	1 	0.2
-276.0 	882 	0 	0.2
31.0 	883 	1 	0.2
-216.0 	884 	1 	0.2
-195.0 	885 	1 	0.2
-39.5 	886 	1 	0.2
-257.5 	887 	0 	0.2
-241.0 	888 	0 	0.2
-207.5 	889 	0 	0.2
-306.5 	890 	0 	0.2
106.0 	891 	1 	0.2
73.0 	892 	1 	0.2
-16.800000000000033 	893 	1 	0.2
-170.5 	894 	0 	0.2
-26.5 	895 	1 	0.2
-169.0 	896 	1 	0.2
-143.0 	897 	1 	0.2
-39.0 	898 	1 	0.2
-123.5 	899 	1 	0.2
-215.5 	900 	1 	0.2
-315.5 	901 	1 	0.2
47.0 	902 	1 	0.2
-92.0 	903 	1 	0.2
-152.5 	904 	1 	0.2
-89.5 	905 	1 	0.2
-255.5 	906 	1 	0.2
-225.5 	907 	1 	0.2
-81.5 	908 	1 	0.2
-43.0 	909 	1 	0.2
-146.5 	910 	1 	0.2
-256.70000000000005 	911 	0 	0.2
-61.0 	912 	1 	0.2
-301.1875 	913 	0 	0.2
-77.0 	914 	1 	0.2
-292.5 	915 	0 	0.2
99.5 	916 	1 	0.2
-103.5 	917 	1 	0.2
31.0 	918 	1 	0.2
50.5 	919 	1 	0.2
-27.0 	920 	1 	0.2
-1.0 	921 	1 	0.2
-145.0 	922 	1 	0.2
42.0 	923 	1 	0.2
0.5 	924 	1 	0.2
-74.5 	925 	1 	0.2
-139.0 	926 	1 	0.2
-92.5 	927 	1 	0.2
-104.0 	928 	1 	0.2
-65.5 	929 	1 	0.2
-102.0 	930 	1 	0.2
-139.5 	931 	1 	0.2
-164.5 	932 	0 	0.2
-135.0 	933 	1 	0.2
-287.0 	934 	0 	0.2
-118.0 	935 	1 	0.2
-1.0 	936 	1 	0.2
22.0 	937 	1 	0.2
28.699999999999974 	938 	1 	0.2
-215.0 	939 	0 	0.2
-181.5 	940 	1 	0.2
-6.0 	941 	1 	0.2
-165.0 	942 	1 	0.2
-189.5 	943 	1 	0.2
-84.0 	944 	1 	0.2
-77.0 	945 	1 	0.2
69.0 	946 	1 	0.2
-53.0 	947 	1 	0.2
-43.5 	948 	1 	0.2
-0.5 	949 	1 	0.2
-50.5 	950 	1 	0.2
102.0 	951 	1 	0.2
-465.0 	952 	0 	0.2
-119.5 	953 	1 	0.2
-29.0 	954 	1 	0.2
-56.0 	955 	1 	0.2
-68.5 	956 	1 	0.2
-32.5 	957 	1 	0.2
-137.0 	958 	0 	0.2
-174.0 	959 	0 	0.2
-108.5 	960 	1 	0.2
-341.0 	961 	0 	0.2
-332.5 	962 	0 	0.2
-42.5 	963 	1 	0.2
-211.25 	964 	0 	0.2
-180.0 	965 	0 	0.2
-40.0 	966 	1 	0.2
-196.5 	967 	1 	0.2
-225.0 	968 	0 	0.2
36.5 	969 	1 	0.2
-93.80000000000007 	970 	1 	0.2
75.0 	971 	1 	0.2
-162.5 	972 	1 	0.2
-52.0 	973 	1 	0.2
-171.5 	974 	0 	0.2
-21.5 	975 	1 	0.2
-103.5 	976 	1 	0.2
-310.90000000000003 	977 	0 	0.2
-161.5 	978 	1 	0.2
-19.5 	979 	1 	0.2
38.0 	980 	1 	0.2
-48.400000000000034 	981 	1 	0.2
-196.5 	982 	1 	0.2
-210.5 	983 	0 	0.2
66.5 	984 	1 	0.2
-105.5 	985 	1 	0.2
12.5 	986 	1 	0.2
55.5 	987 	1 	0.2
47.0 	988 	1 	0.2
8.5 	989 	1 	0.2
-44.5 	990 	1 	0.2
-63.800000000000026 	991 	1 	0.2
54.5 	992 	1 	0.2
93.5 	993 	1 	0.2
-39.0 	994 	1 	0.2
-189.5 	995 	1 	0.2
-74.0 	996 	1 	0.2
-103.0 	997 	1 	0.2
-123.5 	998 	1 	0.2
48.5 	999 	1 	0.2
-232.0 	0 	0 	0.2
69.0 	1 	1 	0.2
-201.5 	2 	0 	0.2
44.5 	3 	1 	0.2
-222.5 	4 	0 	0.2
-166.5 	5 	1 	0.2
-140.0 	6 	1 	0.2
-183.0 	7 	0 	0.2
-85.5 	8 	1 	0.2
-43.0 	9 	1 	0.2
-64.0 	10 	0 	0.2
-14.0 	11 	1 	0.2
-156.0 	12 	1 	0.2
-307.5 	13 	0 	0.2
-134.0 	14 	1 	0.2
-203.5 	15 	0 	0.2
-4.0 	16 	1 	0.2
77.0 	17 	1 	0.2
-198.5 	18 	0 	0.2
-368.5 	19 	0 	0.2
-22.5 	20 	1 	0.2
-205.5 	21 	1 	0.2
14.0 	22 	1 	0.2
-163.5 	23 	0 	0.2
-248.0 	24 	0 	0.2
-228.5 	25 	0 	0.2
-27.0 	26 	1 	0.2
-266.5 	27 	0 	0.2
-365.5 	28 	0 	0.2
53.5 	29 	1 	0.2
-121.0 	30 	0 	0.2
-375.5 	31 	0 	0.2
-53.5 	32 	1 	0.2
-92.5 	33 	1 	0.2
37.5 	34 	1 	0.2
-140.0 	35 	0 	0.2
-186.70000000000005 	36 	0 	0.2
-152.0 	37 	0 	0.2
-307.5 	38 	0 	0.2
1.0 	39 	1 	0.2
-102.70000000000006 	40 	1 	0.2
-213.5 	41 	0 	0.2
-57.5 	42 	1 	0.2
-69.5 	43 	1 	0.2
-161.5 	44 	1 	0.2
-215.5 	45 	1 	0.2
-46.0 	46 	1 	0.2
-110.0 	47 	0 	0.2
-335.0 	48 	0 	0.2
-361.0 	49 	0 	0.2
-47.5 	50 	1 	0.2
-97.20000000000005 	51 	1 	0.2
-86.0 	52 	1 	0.2
-141.5 	53 	0 	0.2
-122.5 	54 	1 	0.2
-8.199999999999996 	55 	1 	0.2
-206.0 	56 	0 	0.2
-54.0 	57 	1 	0.2
-169.5 	58 	1 	0.2
-251.5 	59 	0 	0.2
-166.0 	60 	1 	0.2
-175.5 	61 	0 	0.2
35.5 	62 	1 	0.2
-168.0 	63 	1 	0.2
-22.0 	64 	1 	0.2
-358.5 	65 	0 	0.2
-110.5 	66 	1 	0.2
-250.5 	67 	0 	0.2
-225.5 	68 	0 	0.2
-107.0 	69 	1 	0.2
47.5 	70 	1 	0.2
-26.5 	71 	1 	0.2
68.5 	72 	1 	0.2
-71.5 	73 	1 	0.2
-123.5 	74 	1 	0.2
-185.5 	75 	1 	0.2
85.5 	76 	1 	0.2
-118.5 	77 	1 	0.2
56.0 	78 	1 	0.2
-341.3499999999998 	79 	0 	0.2
-18.0 	80 	1 	0.2
-181.0 	81 	0 	0.2
-273.8 	82 	1 	0.2
-29.5 	83 	1 	0.2
74.0 	84 	1 	0.2
-316.5 	85 	1 	0.2
-168.5 	86 	1 	0.2
78.5 	87 	1 	0.2
-203.0 	88 	0 	0.2
62.0 	89 	1 	0.2
-387.0 	90 	0 	0.2
62.0 	91 	1 	0.2
-160.5 	92 	1 	0.2
-209.5 	93 	0 	0.2
-34.5 	94 	1 	0.2
-111.0 	95 	0 	0.2
-8.5 	96 	1 	0.2
-58.0 	97 	1 	0.2
-36.0 	98 	1 	0.2
-249.0 	99 	1 	0.2
-231.0 	100 	1 	0.2
75.0 	101 	1 	0.2
-151.0 	102 	1 	0.2
-145.0 	103 	0 	0.2
-239.5 	104 	1 	0.2
-314.0 	105 	0 	0.2
-107.0 	106 	0 	0.2
-60.0 	107 	1 	0.2
-98.0 	108 	1 	0.2
-134.0 	109 	0 	0.2
-317.0 	110 	0 	0.2
-36.5 	111 	1 	0.2
-170.5 	112 	1 	0.2
-118.0 	113 	1 	0.2
-288.5 	114 	0 	0.2
-237.5 	115 	0 	0.2
-25.0 	116 	1 	0.2
-84.5 	117 	1 	0.2
-138.5 	118 	1 	0.2
-16.0 	119 	1 	0.2
43.5 	120 	1 	0.2
-149.0 	121 	0 	0.2
-223.0 	122 	1 	0.2
-186.5 	123 	0 	0.2
-199.0 	124 	1 	0.2
-54.5 	125 	0 	0.2
-79.5 	126 	0 	0.2
-78.5 	127 	1 	0.2
-243.5 	128 	0 	0.2
-304.5 	129 	0 	0.2
-100.0 	130 	1 	0.2
34.0 	131 	1 	0.2
-43.0 	132 	1 	0.2
-94.5 	133 	1 	0.2
-281.0 	134 	0 	0.2
-243.5 	135 	0 	0.2
-271.0 	136 	0 	0.2
54.0 	137 	1 	0.2
-43.0 	138 	1 	0.2
11.0 	139 	1 	0.2
-130.0 	140 	0 	0.2
-144.5 	141 	1 	0.2
47.5 	142 	1 	0.2
-91.5 	143 	1 	0.2
-103.0 	144 	0 	0.2
-166.5 	145 	0 	0.2
-209.5 	146 	0 	0.2
-169.5 	147 	0 	0.2
0.5 	148 	1 	0.2
-173.0 	149 	0 	0.2
-250.5 	150 	0 	0.2
25.0 	151 	1 	0.2
-247.5 	152 	0 	0.2
-134.89999999999998 	153 	1 	0.2
-148.0 	154 	1 	0.2
-40.70000000000006 	155 	1 	0.2
5.0 	156 	1 	0.2
-155.0 	157 	0 	0.2
-45.5 	158 	1 	0.2
72.0 	159 	1 	0.2
-55.5 	160 	1 	0.2
29.5 	161 	1 	0.2
-25.0 	162 	1 	0.2
-78.5 	163 	1 	0.2
-166.0 	164 	1 	0.2
57.0 	165 	1 	0.2
-216.5 	166 	0 	0.2
-7.5 	167 	1 	0.2
71.5 	168 	1 	0.2
-108.0 	169 	0 	0.2
-136.5 	170 	1 	0.2
-220.5 	171 	0 	0.2
-33.0 	172 	0 	0.2
-47.5 	173 	1 	0.2
-41.0 	174 	1 	0.2
-158.0 	175 	1 	0.2
-111.0 	176 	1 	0.2
-171.30000000000007 	177 	1 	0.2
-86.0 	178 	1 	0.2
-86.0 	179 	1 	0.2
-61.0 	180 	1 	0.2
-25.0 	181 	1 	0.2
-47.0 	182 	1 	0.2
19.5 	183 	1 	0.2
46.5 	184 	1 	0.2
-110.0 	185 	1 	0.2
-156.0 	186 	1 	0.2
60.0 	187 	1 	0.2
-184.0 	188 	1 	0.2
-83.5 	189 	1 	0.2
21.5 	190 	1 	0.2
82.5 	191 	1 	0.2
61.5 	192 	1 	0.2
77.0 	193 	1 	0.2
-191.5 	194 	1 	0.2
-135.5 	195 	0 	0.2
-342.3 	196 	0 	0.2
50.0 	197 	1 	0.2
-188.5 	198 	0 	0.2
-24.0 	199 	1 	0.2
-95.5 	200 	1 	0.2
-110.0 	201 	1 	0.2
-260.5 	202 	1 	0.2
-50.5 	203 	1 	0.2
-427.0 	204 	0 	0.2
-64.0 	205 	1 	0.2
-215.5 	206 	0 	0.2
-292.0 	207 	0 	0.2
-158.89999999999998 	208 	1 	0.2
-181.5 	209 	0 	0.2
-24.5 	210 	1 	0.2
-19.0 	211 	1 	0.2
13.5 	212 	1 	0.2
-21.0 	213 	1 	0.2
-139.5 	214 	1 	0.2
-166.0 	215 	1 	0.2
-227.5 	216 	0 	0.2
-227.0 	217 	0 	0.2
78.5 	218 	1 	0.2
116.0 	219 	1 	0.2
-0.5 	220 	1 	0.2
-223.0 	221 	0 	0.2
21.0 	222 	1 	0.2
-59.5 	223 	1 	0.2
4.0 	224 	1 	0.2
-104.5 	225 	1 	0.2
-206.0 	226 	1 	0.2
16.0 	227 	1 	0.2
-134.0 	228 	0 	0.2
-162.55 	229 	0 	0.2
-174.5 	230 	0 	0.2
-120.5 	231 	1 	0.2
89.5 	232 	1 	0.2
-277.5 	233 	1 	0.2
-73.0 	234 	1 	0.2
-264.5 	235 	1 	0.2
-130.0 	236 	1 	0.2
26.5 	237 	1 	0.2
-183.0 	238 	0 	0.2
65.0 	239 	1 	0.2
-152.0 	240 	1 	0.2
-89.0 	241 	1 	0.2
-5.5 	242 	1 	0.2
-73.0 	243 	1 	0.2
-441.0 	244 	1 	0.2
-312.0 	244 	0 	0.2
-182.5 	245 	1 	0.2
32.0 	246 	1 	0.2
-166.5 	247 	1 	0.2
-92.0 	248 	1 	0.2
73.6 	249 	1 	0.2
-142.0 	250 	1 	0.2
-172.0 	251 	1 	0.2
108.0 	252 	1 	0.2
-327.0 	253 	0 	0.2
-36.0 	254 	1 	0.2
-93.5 	255 	1 	0.2
-367.0 	256 	0 	0.2
-108.5 	257 	0 	0.2
-74.0 	258 	1 	0.2
33.0 	259 	1 	0.2
53.0 	260 	1 	0.2
-58.0 	261 	1 	0.2
3.5 	262 	1 	0.2
-177.0 	263 	0 	0.2
69.0 	264 	1 	0.2
-273.40000000000003 	265 	0 	0.2
-51.0 	266 	1 	0.2
-77.0 	267 	1 	0.2
-32.0 	268 	1 	0.2
60.0 	269 	1 	0.2
-180.0 	270 	0 	0.2
-102.5 	271 	1 	0.2
-219.5 	272 	0 	0.2
-83.5 	273 	1 	0.2
-92.5 	274 	1 	0.2
-185.5 	275 	1 	0.2
-192.0 	276 	0 	0.2
55.5 	277 	1 	0.2
-72.5 	278 	1 	0.2
74.0 	279 	1 	0.2
-184.0 	280 	0 	0.2
-223.0 	281 	0 	0.2
-25.5 	282 	1 	0.2
-91.0 	283 	1 	0.2
-68.5 	284 	0 	0.2
-126.0 	285 	1 	0.2
-185.0 	286 	1 	0.2
-148.0 	287 	0 	0.2
-82.0 	288 	1 	0.2
77.5 	289 	1 	0.2
-215.5 	290 	0 	0.2
-176.4 	291 	0 	0.2
-7.5 	292 	1 	0.2
-58.0 	293 	1 	0.2
57.5 	294 	1 	0.2
22.5 	295 	1 	0.2
58.0 	296 	1 	0.2
-117.0 	297 	1 	0.2
-203.0 	298 	0 	0.2
-22.5 	299 	1 	0.2
-142.0 	300 	1 	0.2
54.5 	301 	1 	0.2
-138.0 	302 	1 	0.2
-138.0 	303 	1 	0.2
-79.5 	304 	1 	0.2
-128.0 	305 	0 	0.2
-204.0 	306 	0 	0.2
-329.5 	307 	0 	0.2
-124.0 	308 	1 	0.2
-50.0 	309 	1 	0.2
-212.0 	310 	0 	0.2
-54.5 	311 	1 	0.2
-10.0 	312 	1 	0.2
-19.5 	313 	1 	0.2
-165.5 	314 	0 	0.2
-143.0 	315 	1 	0.2
-238.0 	316 	0 	0.2
-120.5 	317 	1 	0.2
-201.0 	318 	0 	0.2
-64.5 	319 	1 	0.2
25.5 	320 	1 	0.2
-4.0 	321 	1 	0.2
-137.69999999999985 	322 	0 	0.2
-89.0 	323 	1 	0.2
-232.0 	324 	1 	0.2
-146.5 	325 	1 	0.2
-64.0 	326 	1 	0.2
65.0 	326 	0 	0.2
86.0 	327 	1 	0.2
-262.5 	328 	0 	0.2
-106.0 	329 	1 	0.2
-145.0 	330 	1 	0.2
-242.5 	331 	0 	0.2
-11.0 	332 	1 	0.2
-251.5 	333 	0 	0.2
-113.00000000000007 	334 	0 	0.2
-123.5 	335 	1 	0.2
66.0 	336 	1 	0.2
47.0 	337 	1 	0.2
59.5 	338 	1 	0.2
-163.0 	339 	1 	0.2
68.0 	340 	1 	0.2
-13.0 	341 	1 	0.2
11.0 	342 	1 	0.2
-166.5 	343 	1 	0.2
-244.0 	344 	0 	0.2
-137.5 	345 	1 	0.2
-150.0 	346 	1 	0.2
-135.5 	347 	1 	0.2
-155.0 	348 	1 	0.2
-26.0 	349 	1 	0.2
-272.0 	350 	0 	0.2
-29.5 	351 	1 	0.2
-96.5 	352 	1 	0.2
27.5 	353 	1 	0.2
-205.5 	354 	0 	0.2
-249.5 	355 	0 	0.2
29.0 	356 	1 	0.2
-89.0 	357 	1 	0.2
-304.0 	358 	0 	0.2
-126.0 	359 	0 	0.2
-279.5 	360 	1 	0.2
-62.5 	361 	1 	0.2
-27.5 	362 	1 	0.2
-130.0 	363 	1 	0.2
-23.5 	364 	1 	0.2
-49.5 	365 	1 	0.2
-232.5 	366 	0 	0.2
-50.0 	367 	1 	0.2
-218.5 	368 	0 	0.2
-186.5 	369 	0 	0.2
-43.0 	370 	1 	0.2
-127.0 	371 	1 	0.2
-169.5 	372 	1 	0.2
109.0 	373 	1 	0.2
-150.5 	374 	0 	0.2
-105.0 	375 	1 	0.2
-131.5 	376 	1 	0.2
-242.5 	377 	0 	0.2
-1.5 	378 	1 	0.2
-87.0 	379 	1 	0.2
-28.5 	380 	1 	0.2
-52.5 	381 	1 	0.2
-130.5 	382 	1 	0.2
-256.5 	383 	0 	0.2
46.5 	384 	1 	0.2
-192.9 	385 	0 	0.2
-120.0 	386 	1 	0.2
106.0 	387 	1 	0.2
-68.0 	388 	1 	0.2
-7.5 	389 	1 	0.2
-207.0 	390 	0 	0.2
-241.0 	391 	0 	0.2
71.0 	392 	1 	0.2
-217.5 	393 	0 	0.2
-95.5 	394 	0 	0.2
-40.0 	395 	1 	0.2
-172.0 	396 	0 	0.2
-177.5 	397 	0 	0.2
-121.0 	398 	1 	0.2
-94.0 	399 	1 	0.2
-119.0 	400 	1 	0.2
-168.39999999999998 	401 	1 	0.2
54.5 	402 	1 	0.2
-69.5 	403 	0 	0.2
-98.5 	404 	1 	0.2
-3.5 	405 	1 	0.2
-173.0 	406 	1 	0.2
-153.5 	407 	0 	0.2
-156.79999999999995 	408 	0 	0.2
-261.5 	409 	0 	0.2
-89.0 	410 	1 	0.2
-147.5 	411 	1 	0.2
3.5 	412 	1 	0.2
-65.5 	413 	1 	0.2
-218.0 	414 	0 	0.2
-242.0 	415 	0 	0.2
-253.0 	416 	0 	0.2
-146.5 	417 	1 	0.2
-10.5 	418 	1 	0.2
-146.0 	419 	1 	0.2
-195.0 	420 	0 	0.2
57.0 	421 	1 	0.2
-200.80000000000007 	422 	1 	0.2
26.0 	423 	1 	0.2
-200.5 	424 	1 	0.2
-9.5 	425 	1 	0.2
83.0 	426 	1 	0.2
-118.5 	427 	1 	0.2
38.5 	428 	1 	0.2
-58.5 	429 	1 	0.2
-97.0 	430 	1 	0.2
19.0 	431 	1 	0.2
-119.0 	432 	1 	0.2
-27.5 	433 	1 	0.2
-266.0 	434 	0 	0.2
-128.5 	435 	1 	0.2
122.0 	436 	1 	0.2
-40.0 	437 	1 	0.2
-3.0 	438 	1 	0.2
-92.0 	439 	1 	0.2
69.09999999999997 	440 	1 	0.2
-198.5 	441 	1 	0.2
119.5 	442 	1 	0.2
-239.0 	443 	0 	0.2
59.5 	444 	1 	0.2
-79.0 	445 	1 	0.2
51.5 	446 	1 	0.2
65.0 	447 	1 	0.2
-39.5 	448 	1 	0.2
-133.5 	449 	0 	0.2
-178.5 	450 	1 	0.2
-224.0 	451 	1 	0.2
-68.0 	452 	1 	0.2
-40.0 	453 	1 	0.2
-33.5 	454 	1 	0.2
-259.5 	455 	0 	0.2
-60.0 	456 	1 	0.2
-38.0 	457 	1 	0.2
-0.5 	458 	1 	0.2
-60.0 	459 	1 	0.2
-121.5 	460 	1 	0.2
-133.5 	461 	0 	0.2
-95.0 	462 	1 	0.2
-463.5 	463 	0 	0.2
-143.5 	464 	1 	0.2
56.0 	465 	1 	0.2
-20.0 	466 	1 	0.2
-264.0 	467 	1 	0.2
7.0 	468 	1 	0.2
-359.0 	469 	0 	0.2
-158.0 	470 	0 	0.2
-111.5 	471 	0 	0.2
-59.0 	472 	1 	0.2
-3.0 	473 	1 	0.2
-240.5 	474 	0 	0.2
-35.5 	475 	1 	0.2
60.0 	476 	1 	0.2
-122.5 	477 	0 	0.2
-231.0 	478 	1 	0.2
-236.7 	479 	1 	0.2
-241.0 	480 	1 	0.2
-83.0 	481 	1 	0.2
-179.0 	482 	0 	0.2
-22.0 	483 	1 	0.2
-124.5 	484 	1 	0.2
-70.5 	485 	1 	0.2
-67.5 	486 	1 	0.2
-4.0 	487 	1 	0.2
-87.0 	488 	1 	0.2
-125.0 	489 	0 	0.2
-42.5 	490 	1 	0.2
-52.0 	491 	1 	0.2
-201.5 	492 	1 	0.2
69.5 	493 	1 	0.2
52.5 	494 	1 	0.2
-83.0 	495 	1 	0.2
-180.0 	496 	0 	0.2
-71.5 	497 	1 	0.2
-29.5 	498 	1 	0.2
-12.5 	499 	1 	0.2
-12.5 	500 	1 	0.2
-267.5 	501 	0 	0.2
-264.0 	502 	0 	0.2
-346.5 	503 	0 	0.2
-7.0 	504 	1 	0.2
26.5 	505 	1 	0.2
-53.5 	506 	1 	0.2
-119.0 	507 	1 	0.2
-90.69999999999999 	508 	1 	0.2
-280.5 	509 	1 	0.2
-165.0 	510 	0 	0.2
-81.0 	511 	0 	0.2
-70.0 	512 	1 	0.2
71.5 	513 	1 	0.2
-57.0 	514 	1 	0.2
30.5 	515 	1 	0.2
-129.0 	516 	1 	0.2
-117.0 	517 	1 	0.2
-170.0 	518 	1 	0.2
-59.5 	519 	1 	0.2
77.5 	520 	1 	0.2
-200.5 	521 	0 	0.2
-22.0 	522 	1 	0.2
-292.0 	523 	0 	0.2
-76.0 	524 	1 	0.2
111.0 	525 	1 	0.2
28.5 	526 	1 	0.2
-18.0 	527 	1 	0.2
49.5 	528 	1 	0.2
-265.5 	529 	0 	0.2
-177.4 	530 	0 	0.2
-23.0 	531 	1 	0.2
-114.0 	532 	0 	0.2
-147.0 	533 	0 	0.2
9.0 	534 	1 	0.2
-240.5 	535 	1 	0.2
-122.0 	536 	1 	0.2
-73.0 	537 	1 	0.2
-106.80000000000003 	538 	1 	0.2
36.0 	539 	1 	0.2
-193.0 	540 	1 	0.2
-184.5 	541 	1 	0.2
-204.0 	542 	1 	0.2
73.5 	543 	1 	0.2
-349.5 	544 	0 	0.2
23.0 	545 	1 	0.2
42.0 	546 	1 	0.2
-46.5 	547 	1 	0.2
-131.0 	548 	1 	0.2
-112.0 	549 	1 	0.2
-152.0 	550 	0 	0.2
-88.0 	551 	1 	0.2
-99.5 	552 	1 	0.2
-33.5 	553 	1 	0.2
-178.0 	554 	0 	0.2
7.5 	555 	1 	0.2
-92.5 	556 	1 	0.2
6.0 	557 	1 	0.2
-171.0 	558 	0 	0.2
-316.25 	559 	0 	0.2
-143.0 	560 	0 	0.2
-125.5 	561 	1 	0.2
-160.5 	562 	1 	0.2
-54.5 	563 	1 	0.2
-195.5 	564 	0 	0.2
-196.10000000000005 	565 	0 	0.2
-109.0 	566 	1 	0.2
-211.5 	567 	0 	0.2
-128.5 	568 	1 	0.2
-262.5 	569 	0 	0.2
-15.0 	570 	1 	0.2
-282.5 	571 	0 	0.2
-344.0 	572 	0 	0.2
-367.5 	573 	0 	0.2
-7.5 	574 	1 	0.2
-56.5 	575 	1 	0.2
-185.0 	576 	0 	0.2
-264.5 	577 	0 	0.2
-101.0 	578 	1 	0.2
-122.5 	579 	1 	0.2
-25.0 	580 	1 	0.2
-44.5 	581 	1 	0.2
-84.0 	582 	1 	0.2
-189.0 	583 	1 	0.2
-76.5 	584 	1 	0.2
-158.5 	585 	1 	0.2
-126.5 	586 	1 	0.2
69.0 	587 	1 	0.2
-70.0 	588 	1 	0.2
-232.5 	589 	0 	0.2
-121.5 	590 	1 	0.2
-95.5 	591 	1 	0.2
-131.5 	592 	1 	0.2
-42.0 	593 	1 	0.2
-178.0 	594 	1 	0.2
-265.5 	595 	0 	0.2
-342.5 	596 	0 	0.2
49.0 	597 	1 	0.2
56.0 	598 	1 	0.2
27.5 	599 	1 	0.2
-51.5 	600 	1 	0.2
-87.5 	601 	1 	0.2
-132.0 	602 	1 	0.2
80.5 	603 	1 	0.2
-369.59999999999997 	604 	0 	0.2
-50.5 	605 	1 	0.2
11.5 	606 	1 	0.2
-38.0 	607 	1 	0.2
-82.5 	608 	1 	0.2
-50.5 	609 	1 	0.2
48.0 	610 	1 	0.2
-427.5 	611 	0 	0.2
-23.0 	612 	1 	0.2
102.0 	613 	1 	0.2
-75.5 	614 	1 	0.2
-346.0 	615 	1 	0.2
-140.5 	616 	1 	0.2
-192.5 	617 	1 	0.2
-278.5 	618 	0 	0.2
16.5 	619 	1 	0.2
-181.5 	620 	0 	0.2
-214.0 	621 	0 	0.2
-413.0 	622 	0 	0.2
-25.0 	623 	1 	0.2
-175.5 	624 	0 	0.2
-311.5 	625 	0 	0.2
-15.0 	626 	1 	0.2
-313.5 	627 	0 	0.2
-211.0 	628 	0 	0.2
-174.5 	629 	0 	0.2
-365.0 	630 	0 	0.2
-6.5 	631 	1 	0.2
-196.5 	632 	1 	0.2
6.5 	633 	1 	0.2
-69.5 	634 	1 	0.2
-189.5 	635 	0 	0.2
-45.5 	636 	1 	0.2
-124.20000000000002 	637 	1 	0.2
-81.5 	638 	1 	0.2
-99.5 	639 	0 	0.2
-145.5 	640 	0 	0.2
-64.0 	641 	1 	0.2
-213.0 	642 	1 	0.2
-30.5 	643 	1 	0.2
6.5 	644 	1 	0.2
-117.0 	645 	1 	0.2
-183.5 	646 	0 	0.2
-92.0 	647 	1 	0.2
-142.0 	648 	0 	0.2
-127.0 	649 	1 	0.2
-96.5 	650 	1 	0.2
-18.0 	651 	1 	0.2
3.5 	652 	1 	0.2
-206.0 	653 	1 	0.2
-100.5 	654 	1 	0.2
42.0 	655 	1 	0.2
-189.0 	656 	1 	0.2
-395.0 	657 	0 	0.2
-61.5 	658 	1 	0.2
-118.0 	659 	1 	0.2
-220.5 	660 	1 	0.2
57.0 	661 	1 	0.2
37.0 	662 	1 	0.2
-173.0 	663 	1 	0.2
48.5 	664 	1 	0.2
12.5 	665 	1 	0.2
-75.5 	666 	1 	0.2
-41.0 	667 	1 	0.2
87.0 	668 	1 	0.2
-34.0 	669 	1 	0.2
22.0 	670 	1 	0.2
-293.0 	671 	0 	0.2
-151.0 	672 	1 	0.2
-98.0 	673 	1 	0.2
-125.5 	674 	1 	0.2
-227.40000000000003 	675 	1 	0.2
-181.5 	676 	0 	0.2
-250.5 	677 	0 	0.2
-199.5 	678 	0 	0.2
-26.5 	679 	1 	0.2
-142.0 	680 	0 	0.2
63.5 	681 	1 	0.2
-119.20000000000005 	682 	0 	0.2
-193.5 	683 	0 	0.2
-160.0 	684 	0 	0.2
-174.8499999999999 	685 	0 	0.2
86.0 	686 	1 	0.2
-40.0 	687 	1 	0.2
-130.0 	688 	1 	0.2
-261.5 	689 	0 	0.2
-192.5 	690 	1 	0.2
-134.0 	691 	0 	0.2
-170.0 	692 	0 	0.2
2.5 	693 	1 	0.2
-140.5 	694 	1 	0.2
-34.0 	695 	1 	0.2
87.0 	696 	1 	0.2
-440.0 	697 	1 	0.2
-163.5 	698 	1 	0.2
-221.0 	699 	0 	0.2
-288.75 	700 	0 	0.2
-319.5 	701 	0 	0.2
6.0 	702 	1 	0.2
-46.5 	703 	1 	0.2
39.5 	704 	1 	0.2
-74.5 	705 	1 	0.2
25.0 	706 	1 	0.2
-66.0 	707 	1 	0.2
-150.5 	708 	1 	0.2
-23.5 	709 	1 	0.2
-108.0 	710 	1 	0.2
-108.0 	711 	0 	0.2
-130.5 	712 	1 	0.2
-216.0 	713 	0 	0.2
-258.0 	714 	0 	0.2
-72.5 	715 	1 	0.2
-154.5 	716 	1 	0.2
46.5 	717 	1 	0.2
8.0 	718 	1 	0.2
-65.0 	719 	1 	0.2
-324.5 	720 	0 	0.2
-194.00000000000003 	721 	0 	0.2
-121.5 	722 	1 	0.2
43.5 	723 	1 	0.2
-343.0 	724 	0 	0.2
-26.0 	725 	1 	0.2
-161.0 	726 	0 	0.2
26.199999999999974 	727 	1 	0.2
-93.0 	728 	1 	0.2
26.5 	729 	1 	0.2
41.5 	730 	1 	0.2
11.0 	731 	1 	0.2
-121.5 	732 	0 	0.2
19.5 	733 	1 	0.2
-52.0 	734 	1 	0.2
-13.0 	735 	1 	0.2
-154.5 	736 	1 	0.2
-90.0 	737 	1 	0.2
-177.5 	738 	1 	0.2
-103.5 	739 	0 	0.2
-25.5 	740 	1 	0.2
-180.0 	741 	0 	0.2
0.5 	742 	1 	0.2
-291.5 	743 	0 	0.2
-144.5 	744 	1 	0.2
-27.0 	745 	1 	0.2
-83.0 	746 	1 	0.2
-93.09999999999997 	747 	0 	0.2
-7.5 	748 	1 	0.2
-131.5 	749 	1 	0.2
-21.5 	750 	1 	0.2
-55.0 	751 	1 	0.2
-43.0 	752 	1 	0.2
-12.5 	753 	1 	0.2
-122.0 	754 	1 	0.2
-15.0 	755 	1 	0.2
-46.5 	756 	1 	0.2
25.0 	757 	1 	0.2
106.0 	758 	1 	0.2
-268.0 	759 	1 	0.2
-31.5 	760 	1 	0.2
51.5 	761 	1 	0.2
-0.5 	762 	1 	0.2
-152.5 	763 	0 	0.2
-265.5 	764 	0 	0.2
71.0 	765 	1 	0.2
-123.0 	766 	1 	0.2
-72.0 	767 	1 	0.2
-214.0 	768 	1 	0.2
-188.0 	769 	0 	0.2
-73.5 	770 	1 	0.2
-182.5 	771 	1 	0.2
-76.0 	772 	1 	0.2
17.5 	773 	1 	0.2
-35.0 	774 	1 	0.2
-240.5 	775 	0 	0.2
12.0 	776 	1 	0.2
-50.5 	777 	1 	0.2
102.5 	778 	1 	0.2
-105.0 	779 	1 	0.2
-437.0 	780 	0 	0.2
-194.0 	781 	1 	0.2
-243.0 	782 	0 	0.2
-37.0 	783 	1 	0.2
87.0 	784 	1 	0.2
-339.5 	785 	0 	0.2
-157.5 	786 	1 	0.2
-33.0 	787 	1 	0.2
-27.5 	788 	1 	0.2
-91.49999999999994 	789 	0 	0.2
-173.0 	790 	1 	0.2
13.0 	791 	1 	0.2
-224.5 	792 	0 	0.2
-46.0 	793 	1 	0.2
30.0 	794 	1 	0.2
-117.0 	795 	0 	0.2
-154.5 	796 	1 	0.2
-319.0 	797 	0 	0.2
50.0 	798 	1 	0.2
-158.5 	799 	1 	0.2
-188.0 	800 	0 	0.2
65.0 	801 	1 	0.2
-200.0 	802 	1 	0.2
-322.0 	803 	0 	0.2
-50.0 	804 	1 	0.2
-147.0 	805 	1 	0.2
-24.0 	806 	1 	0.2
58.0 	807 	1 	0.2
13.0 	808 	1 	0.2
-86.5 	809 	1 	0.2
-41.5 	810 	1 	0.2
-17.800000000000068 	811 	1 	0.2
26.0 	812 	1 	0.2
8.5 	813 	1 	0.2
-7.5 	814 	1 	0.2
-104.5 	815 	1 	0.2
-234.5 	816 	1 	0.2
-45.0 	817 	1 	0.2
-82.0 	818 	1 	0.2
-113.0 	819 	1 	0.2
-244.5 	820 	0 	0.2
-272.0 	821 	0 	0.2
-55.0 	822 	1 	0.2
58.0 	823 	1 	0.2
16.5 	824 	1 	0.2
-199.0 	825 	1 	0.2
-199.0 	826 	0 	0.2
63.5 	827 	1 	0.2
-148.5 	828 	1 	0.2
-117.0 	829 	0 	0.2
-262.0 	830 	0 	0.2
-124.0 	831 	1 	0.2
-256.5 	832 	1 	0.2
-237.0 	833 	0 	0.2
-5.0 	834 	1 	0.2
-24.0 	835 	1 	0.2
-161.89999999999998 	836 	1 	0.2
-161.0 	837 	1 	0.2
67.5 	838 	1 	0.2
-211.5 	839 	0 	0.2
-154.0 	840 	0 	0.2
82.5 	841 	1 	0.2
-61.5 	842 	1 	0.2
-240.5 	843 	0 	0.2
-69.0 	844 	1 	0.2
-122.5 	845 	1 	0.2
-136.0 	846 	0 	0.2
-317.0 	847 	0 	0.2
-242.0 	848 	0 	0.2
-88.5 	849 	1 	0.2
-34.5 	850 	1 	0.2
34.0 	851 	1 	0.2
-274.5 	852 	0 	0.2
-150.0 	853 	1 	0.2
-156.0 	854 	0 	0.2
21.0 	855 	1 	0.2
-106.5 	856 	0 	0.2
-40.0 	857 	1 	0.2
-67.5 	858 	1 	0.2
-100.0 	859 	0 	0.2
-78.5 	860 	1 	0.2
-100.5 	861 	1 	0.2
-158.5 	862 	1 	0.2
-18.5 	863 	1 	0.2
-140.5 	864 	1 	0.2
11.5 	865 	1 	0.2
-24.5 	866 	1 	0.2
-230.5 	867 	1 	0.2
-377.5 	868 	0 	0.2
-211.0 	869 	1 	0.2
-137.0 	870 	0 	0.2
-27.0 	871 	1 	0.2
-148.0 	872 	0 	0.2
-300.5 	873 	1 	0.2
-153.5 	874 	1 	0.2
-10.5 	875 	1 	0.2
-12.0 	876 	1 	0.2
-198.0 	877 	0 	0.2
-13.0 	878 	1 	0.2
-85.0 	879 	1 	0.2
7.0 	880 	1 	0.2
-38.5 	881 	1 	0.2
-65.0 	882 	1 	0.2
-38.5 	883 	1 	0.2
-36.5 	884 	1 	0.2
-3.0 	885 	1 	0.2
59.5 	886 	1 	0.2
-247.0 	887 	0 	0.2
-186.5 	888 	1 	0.2
-170.5 	889 	0 	0.2
-1.5 	890 	1 	0.2
-102.5 	891 	0 	0.2
47.0 	892 	1 	0.2
-107.0 	893 	1 	0.2
-5.5 	894 	1 	0.2
-274.0 	895 	0 	0.2
-149.0 	896 	1 	0.2
-13.5 	897 	1 	0.2
98.5 	898 	1 	0.2
-1.0 	899 	0 	0.2
-164.0 	900 	0 	0.2
-50.5 	901 	1 	0.2
-182.5 	902 	0 	0.2
25.5 	903 	1 	0.2
42.5 	904 	1 	0.2
-86.5 	905 	1 	0.2
-43.5 	906 	1 	0.2
-64.0 	907 	1 	0.2
-8.100000000000058 	908 	1 	0.2
-239.0 	909 	1 	0.2
-123.0 	910 	0 	0.2
-59.0 	911 	1 	0.2
-266.5 	912 	0 	0.2
19.5 	913 	1 	0.2
-58.0 	914 	1 	0.2
-42.0 	915 	1 	0.2
-67.5 	916 	1 	0.2
-84.5 	917 	1 	0.2
45.5 	918 	1 	0.2
-151.0 	919 	0 	0.2
-128.5 	920 	1 	0.2
-114.0 	921 	1 	0.2
86.5 	922 	1 	0.2
-145.0 	923 	1 	0.2
-200.5 	924 	0 	0.2
10.0 	925 	1 	0.2
-30.5 	926 	1 	0.2
-155.5 	927 	1 	0.2
63.5 	928 	1 	0.2
72.5 	929 	1 	0.2
-75.5 	930 	1 	0.2
-3.5 	931 	1 	0.2
68.5 	932 	1 	0.2
-59.5 	933 	1 	0.2
-59.0 	934 	1 	0.2
-12.5 	935 	1 	0.2
-166.0 	936 	1 	0.2
-261.0 	937 	1 	0.2
-157.0 	938 	1 	0.2
-256.0 	939 	0 	0.2
10.0 	940 	1 	0.2
32.0 	941 	1 	0.2
68.0 	942 	1 	0.2
-200.5 	943 	0 	0.2
-97.0 	944 	1 	0.2
-118.0 	945 	1 	0.2
-170.0 	946 	0 	0.2
-182.0 	947 	0 	0.2
-28.5 	948 	1 	0.2
-58.0 	949 	0 	0.2
-9.0 	950 	1 	0.2
-268.5 	951 	0 	0.2
-30.0 	952 	1 	0.2
-122.0 	953 	1 	0.2
-146.40000000000003 	954 	1 	0.2
-13.0 	955 	1 	0.2
-35.0 	956 	1 	0.2
22.5 	957 	1 	0.2
-195.5 	958 	1 	0.2
-8.5 	959 	1 	0.2
-220.5 	960 	0 	0.2
0.5 	961 	1 	0.2
-233.0 	962 	0 	0.2
81.0 	963 	1 	0.2
-128.0 	964 	0 	0.2
-193.5 	965 	0 	0.2
-48.5 	966 	1 	0.2
33.5 	967 	1 	0.2
-48.0 	968 	1 	0.2
-14.5 	969 	1 	0.2
-213.0 	970 	0 	0.2
-234.0 	971 	1 	0.2
-192.0 	972 	0 	0.2
-113.0 	973 	0 	0.2
14.0 	974 	1 	0.2
-82.5 	975 	1 	0.2
-31.5 	976 	1 	0.2
45.5 	977 	1 	0.2
-296.625 	978 	0 	0.2
-111.5 	979 	1 	0.2
-270.5 	980 	0 	0.2
-223.5 	981 	1 	0.2
-139.5 	982 	1 	0.2
-129.8 	983 	0 	0.2
-20.0 	984 	1 	0.2
-250.0 	985 	0 	0.2
32.0 	986 	1 	0.2
22.0 	987 	1 	0.2
-113.5 	988 	1 	0.2
82.0 	989 	1 	0.2
-224.0 	990 	0 	0.2
-62.5 	991 	1 	0.2
7.700000000000102 	992 	1 	0.2
-202.5 	993 	1 	0.2
-121.0 	994 	1 	0.2
-296.5 	995 	0 	0.2
-122.5 	996 	1 	0.2
-204.5 	997 	1 	0.2
-30.5 	998 	1 	0.2
-325.0 	999 	1 	0.2
