0.0
0.0
0.0
0.0
0.0
0.0
0.0
0.0
0.0
0.0
0.0
0.0
0.0
0.0
0.0
0.0
0.0
0.0
0.0
0.0
0.0
0.0
0.0
0.0
0.0
0.0
0.0
0.0
0.0
0.0
0.0
0.0
0.0
0.0
0.0
0.0
0.0
0.0
0.0
0.0
0.0
0.0
0.0
0.0
0.0
0.0
0.0
0.0
0.0
0.0
0.0
0.0
0.0
0.0
0.0
0.0
0.0
0.0
0.0
0.0
0.0
0.0
0.0
0.0
0.0
0.0
0.0
0.0
0.0
0.0
0.0
0.0
0.0
0.0
0.0
0.0
0.0
0.0
0.0
0.0
0.0
0.0
0.0
0.0
0.0
0.0
0.0
0.0
0.0
0.0
0.0
0.0
0.0
0.0
0.0
0.0
0.0
0.0
0.0
0.0
0.0
0.0
0.0
0.0
0.0
0.0
0.0
0.0
0.0
0.0
0.0
0.0
0.0
0.0
0.0
0.0
0.0
0.0
0.0
0.0
0.0
0.0
0.0
0.0
0.0
0.0
0.0
0.0
0.0
0.0
0.0
0.0
0.0
0.0
0.0
0.0
0.0
0.0
0.0
0.0
0.0
0.0
0.0
0.0
0.0
0.0
0.0
0.0
0.0
0.0
0.0
0.0
0.0
0.0
0.0
0.0
0.0
0.0
0.0
0.0
0.0
0.0
0.0
0.0
0.0
0.0
0.0
0.0
0.0
0.0
0.0
0.0
0.0
0.0
0.0
0.0
0.0
0.0
0.0
0.0
0.0
0.0
0.0
0.0
0.0
0.0
0.0
0.0
0.0
0.0
0.0
0.0
0.0
0.0
0.0
0.0
0.0
0.0
0.0
0.0
0.0
0.0
0.0
0.0
0.0
0.0
0.0
0.0
0.0
0.0
0.0
0.0
0.0
0.0
0.0
0.0
0.0
0.0
0.0
0.0
0.0
0.0
0.0
0.0
-10.26000000000001
0.0
5.145729450229389
-8.8548529653
0.0
0.0
13.183199326195592
-7.199999999999999
0.0
-5.3999999999999995
-5.3999999999999995
18.733272191582422
0.0
52.90409570519008
0.0
0.0
0.0
0.0
0.0
-7.8
0.0
0.0
0.0
0.0
0.0
0.0
0.0
0.0
0.0
0.0
0.0
0.0
0.0
0.0
0.0
-10.44
0.0
0.0
0.0
0.0
0.0
0.0
0.0
0.0
0.0
0.0
0.0
0.0
0.0
0.0
0.0
0.0
0.0
0.0
0.0
0.0
14.037386738708417
0.0
0.0
0.0
0.0
-5.3999999999999995
1.9445549335350125
6.729112079318554
19.417759841999395
-7.939063695630606
0.0
26.579027849749757
0.7103242055595721
21.923508834023426
0.0
0.0
0.0
0.0
0.0
0.0
0.0
-7.8
0.0
0.0
0.0
0.0
0.0
0.0
0.0
0.0
0.0
0.0
0.0
0.0
0.0
-4.8
0.0
0.0
0.0
-4.67905269186299
0.0
0.0
0.0
0.0
0.0
0.0
0.0
0.0
0.0
0.0
0.0
0.0
0.0
0.0
0.0
0.0
-5.3999999999999995
-7.460676670961785
0.0
0.0
3.4158490046575167
-6.299421070620762
12.646191279504071
15.984625943175988
-1.7999999999999998
7.949269357140228
0.0
12.008710575324098
0.0
21.143372501200368
0.0
0.0
0.0
0.0
0.0
0.0
0.0
0.0
0.0
0.0
0.0
0.0
0.0
0.0
0.0
0.0
0.0
0.0
0.0
0.0
0.0
0.0
0.0
0.0
0.0
-1.2103547255284932
0.0
0.0
5.376337519432434
0.0
-3.0
0.0
0.0
0.0
0.0
0.0
0.0
0.0
0.0
0.0
0.0
0.0
2.721433600382462
0.0
0.0
0.0
0.0
0.0
1.8037546000561187
-1.1007021752016826
-5.46
-5.947503660366133
-1.5375083787206139
0.53758161
0.0
12.684075217035605
-8.383213507522694
-14.280000000000001
0.0
0.0
0.0
0.0
0.0
0.0
-5.2548529653000005
-3.200923908392172
0.0
0.0
-4.8
0.0
0.0
0.0
0.0
0.0
0.0
0.0
0.0
0.0
0.0
0.0
0.0
0.0
0.0
0.0
0.0
0.0
0.0
0.0
0.0
0.0
0.0
0.0
0.0
0.0
0.0
0.0
0.0
0.0
1.9124035975697216
0.8592494002286443
8.076337519432434
7.080702045536434
9.943198879462557
16.091512814617538
57.06967556465571
-1.1239868710624925
0.1426395561127798
-9.0
0.0
13.71304732339934
10.723870142901394
56.48514746569893
0.0
0.0
0.0
0.0
0.0
0.0
0.0
0.0
0.0
0.0
0.0
0.0
0.0
0.0
-12.239999999999998
0.0
-1.6548529653
0.0
-3.0
0.0
1.0365477634710893
0.0
-1.359
0.0
0.0
13.397424792477771
0.0
0.0
0.0
0.0
0.0
0.0
0.0
0.0
0.0
0.0
0.0
0.0
0.0
0.0
0.0
0.0
14.274349167939771
27.59768694681903
21.325906574953535
36.4588000124348
25.01270932344846
17.598351559720076
28.117352538924358
0.0
0.0
0.0
0.0
0.0
0.0
49.43621390303988
0.0
0.0
0.0
0.0
0.0
0.0
0.0
16.609770189754254
0.0
0.0
0.0
-1.7999999999999998
0.0
0.0
0.0
0.0
0.0
0.0
0.0
0.0
0.0
0.0
0.0
0.0
0.0
0.0
0.0
0.0
0.0
0.0
0.0
0.0
0.0
0.0
0.0
0.0
0.0
0.0
0.0
0.0
0.0
0.0
3.2754613030550384
0.3154136110402624
0.0
3.5977490263527994
0.0
7.410448732715647
24.926259768871553
2.716670056529116
2.8451470347
0.0
0.0
8.1
-7.142764899961232
26.8427098611001
-3.9
0.0
0.0
0.0
0.0
0.0
0.0
-4.53
0.0
0.0
0.0
0.0
0.0
0.0
-3.0
0.0
0.0
0.0
0.0
0.0
0.0
0.0
0.0
0.0
0.0
0.0
0.0
0.0
0.0
0.0
0.0
0.0
0.0
0.0
0.0
0.0
0.0
0.0
0.0
0.0
0.0
0.0
15.4787737276459
4.5070691923300705
1.5850958754087447
-6.569999999999999
18.03874395077406
23.87261887339272
61.58147257210578
10.165979414367555
8.39227960704546
11.126428477358822
14.497505007649838
7.142875812586304
9.540023825049898
46.81863394390945
-3.27616597428
-1.6636916185383668
-3.0
-3.9
0.0
-3.0
0.0
0.0
0.0
-6.0
0.0
0.0
0.0
0.0
-2.732077191
0.0
0.0
0.0
0.0
0.0
8.1
0.0
0.8172442669386092
0.0
0.0
0.0
0.0
0.0
0.0
0.0
0.0
0.0
0.0
0.0
0.0
0.0
0.0
0.0
0.0
0.0
0.0
0.0
23.53251366766471
31.038586743234987
30.872217260717754
34.011882069687516
32.2647463344685
14.154706826091076
57.75616553678606
6.159092561693337
-4.034106
0.47240359756972095
14.32770879040075
0.8592494002286443
8.52969327370712
80.81937879499166
0.0
0.0
-5.3999999999999995
0.0
0.0
-1.568002661938266
0.0
0.0
-1.568002661938266
0.0
0.0
0.0
0.0
0.0
-6.0
-1.7780621399072984
0.0
0.0
0.0
3.8390657906336645
0.0
0.0
0.0
-9.0
0.0
0.0
0.0
0.0
0.0
0.0
0.0
0.0
0.0
0.0
0.0
0.0
0.0
0.0
0.0
0.0
0.0
0.0
39.87879466904528
17.94315051592265
-3.0
13.94939935194677
20.535060666925133
21.16465850156297
54.41543906708463
0.0
2.529688588219591
0.0
12.260954467221806
0.0
0.0
38.99083084826973
-1.5492181289236004
0.0
0.0
0.0
0.0
4.5
3.0951739567320575
0.0
0.0
0.0
0.0
0.0
0.0
-1.2311014848119555
0.0
0.0
0.0
0.0
0.0
0.0
0.0
0.0
0.0
0.0
0.0
0.0
0.0
0.0
-6.6
0.0
0.0
0.0
0.0
0.0
0.0
-11.3184
0.0
0.0
0.0
0.0
0.0
-4.8
23.335828462202365
-7.567610041938287
-1.7999999999999998
-0.6649308
8.202175551969425
-3.0
73.68858978795491
10.915598204564443
15.55321676942265
0.0
0.0
0.0
-6.493697273572138
53.897288626161824
0.75291061918207
0.0
0.0
-3.538353268292522
0.0
0.0
0.0
0.0
0.0
0.0
0.0
0.0
0.0
0.0
-1.769491440861676
2.3735860268555378
0.0
0.0
0.0
0.0
0.0
-4.8
0.0
0.0
0.0
0.0
0.0
0.0
0.0
0.0
0.0
0.0
0.0
0.0
0.0
0.0
0.0
0.0
0.0
0.0
0.0
0.0
23.347463062793647
48.76232328539393
21.24347052950379
26.83428718278229
11.29090315276973
4.605501762760407
45.042450257663354
7.315120973596104
5.080314380874162
0.0
0.0
0.0
0.0
53.49436814279206
-2.1
-3.0
6.062078210607737
8.791059358724214
0.0
0.0
0.0
0.0
0.0
0.0
0.0
0.0
0.0
0.0
-3.0
23.366198431389535
0.0
0.0
0.0
0.0
1.8106117949197194
0.0
0.0
0.0
0.0
0.0
0.0
0.0
0.0
0.0
0.0
0.0
0.0
0.0
0.0
0.0
0.0
0.0
0.0
0.0
0.0
0.0
16.864719112040863
20.174011120685954
19.77535952998553
17.344090027072777
1.433613697968946
6.913477296183073
89.41211051412644
15.03331546813267
0.0
20.18410170054223
10.12771865718915
7.489723564886301
0.0
86.40425286265396
8.319763633940713
0.0
0.0
0.0
0.0
-2.248689095165649
0.0
0.0
-3.368002661938266
-6.0
0.0
0.0
0.0
0.0
8.869754699084368
0.0
-6.0
0.0
-2.8564179761609676
0.0
0.0
-4.8
0.0
0.0
0.0
0.0
0.0
0.0
0.0
0.0
0.0
0.0
0.0
0.0
0.0
0.0
0.0
0.0
0.0
0.0
0.0
0.0
35.481016977179294
5.207936338288281
11.393218560187108
6.294661418134087
18.230388255237294
22.557207433710207
75.1578066300486
-3.5999999999999996
0.0
20.002970392533186
2.460532911206383
0.0
20.251525662010252
56.621995825591654
-8.9085
2.187
0.0
-2.9816014848119554
0.0
0.0
5.1
-5.16
0.0
0.0
0.0
0.0
0.0
0.0
0.0
0.0
0.0
0.0
0.0
0.0
0.0
-3.0
0.0
0.0
0.0
0.0
0.0
0.0
0.0
0.0
0.0
0.0
0.0
0.0
0.0
0.0
-4.8
0.0
0.0
0.0
-4.8
0.0
10.496820812704643
20.648232145174376
-0.38637770961174667
16.260719455375572
17.417406727250338
-3.1269691693754957
61.5176673694602
-2.86180524
2.0744552505654656
0.0
8.177673045318922
9.641975743692637
18.487849000963266
71.46228444155678
1.6282666021034187
0.0
-4.8
-0.6993005106827028
0.0
0.0
22.090216629384116
-8.16
0.0
-6.6
0.0
0.0
0.0
0.0
0.0
3.961874026580751
-4.2
0.0
0.0
0.0
2.4272887229565874
0.0
0.0
0.0
9.169705987176803
0.0
-3.0
3.3
0.0
0.0
0.0
0.0
0.0
0.0
0.0
0.0
0.0
0.0
0.0
0.0
0.0
0.0
30.650407232144364
42.563600515552444
25.570730148968124
8.214544726848514
25.807919054346236
48.6303988058601
86.23910028432373
0.0
9.688154844776323
0.6731405679416207
0.0
0.0
10.727604282446022
87.84999228873176
-8.665913880306736
-5.24467637167107
3.378021824686397
1.1024732446441101
0.0
0.0
25.04665513328237
-3.0
-6.42
5.558476509554179
0.0
0.0
0.0
21.384890490537128
-4.6464
-0.7456138803067361
0.0
-3.0
0.0
0.0
23.278377743896208
3.5645439710334803
0.0
0.0
0.0
0.0
0.0
-1.7999999999999998
0.0
0.0
0.0
0.0
0.0
0.0
0.0
0.0
0.0
0.0
0.0
0.0
0.0
0.0
35.13716414178738
19.00519560612535
24.0597039011108
30.37273653604274
0.0
17.54080845711728
77.45174523155123
26.803088920969557
0.0
21.858638565318376
38.092131176981844
0.0
4.915375598092209
60.97723441110071
0.0
10.466057941702111
0.0
0.0
0.0
0.0
6.158911330566956
0.0
0.0
0.0
0.0
0.0
0.0
0.0
0.0
-9.5793
-5.366672175838709
1.3209473081370096
-0.7031453013864977
0.0
0.0
8.1
0.0
0.0
-4.8
0.0
-5.16
6.3
0.0
0.0
0.0
0.0
0.0
0.0
0.0
0.0
0.0
0.0
0.0
0.0
0.0
0.0
5.83674941488357
24.16554550595346
26.717641492957657
35.97819438559968
23.478016418971443
32.2135734493577
62.29893058849191
28.31095699824548
29.143774767209365
8.886375675810662
22.42129044168046
10.567277136067544
10.745573178254165
31.013549420297014
0.0
0.0
0.7470862279760139
0.0
0.0
-1.7999999999999998
32.17530984834721
0.0
-3.6285220960292723
0.0
-3.5999999999999996
0.0
0.0
26.00993222179725
0.0
0.0
0.0
-4.7278303122
0.0
0.0
0.0
-2.613
0.0
0.0
0.0
-7.8
16.280978829456565
0.0
0.0
0.0
0.0
0.0
0.0
0.0
0.0
0.0
0.0
0.0
0.0
0.0
0.0
0.0
16.855794436470422
44.11936731348261
14.780779636918577
15.358855677124767
35.3810539393468
41.378209303251296
61.40312006642265
-1.5638975304506306
14.13162129060201
5.672772805269517
0.0
5.317244266938609
42.670220826691775
51.2183972573187
4.822996392338691
0.0
0.0
-1.9732187683725906
0.0
0.0
0.0
-7.5615
3.7269453845336082
0.0
0.0
0.0
0.0
0.0
0.0
-0.15212492114298337
0.0
0.0
0.0
0.0
0.0
-3.0
-6.659999999999999
0.0
0.0
0.0
0.0
18.541206100725873
-2.1
0.0
0.0
0.0
0.0
0.0
0.0
0.0
0.0
0.0
0.0
0.0
0.0
0.0
1.4393233843217585
23.1029826967978
20.88146307439285
31.463399258510254
7.361731824414883
22.6145408965738
80.3702546066512
12.789889141938636
16.748211836800653
27.40760689298942
12.340942052453512
5.059324140879826
4.87686548735545
67.42126882954983
0.6341389864406679
4.963219178367859
10.449252997661134
10.658476509554179
-3.5999999999999996
0.0
59.535790000360194
-6.42
2.94025001814
0.0
0.0
0.0
0.0
41.05671035412517
-2.1
1.3406877380877467
-1.7999999999999998
0.0
0.0
0.0
0.0
-9.75
-4.69551
0.0
0.0
0.0
0.0
0.0
0.0
0.0
0.0
0.0
-1.1782150906972475
0.0
0.0
0.0
0.0
0.0
0.0
0.0
0.0
0.0
35.04787210623879
9.350287725392452
56.36628493949763
43.069487853394875
10.301340588486301
2.412602265011597
57.67837422752515
19.427095512689572
17.016181958880722
39.23188365744966
26.489632541159303
3.6714443180376644
4.56412919757911
43.52415159568147
0.0
0.0
0.0
0.0
0.2785965561127792
0.0
21.205105840225723
0.0
0.0
0.0
0.0
0.0
0.0
15.031839096713998
0.0
0.0
0.0
11.288540748017214
9.156210411799142
0.0
0.0
0.0
0.0
0.0
5.233583456492542
0.6300313201572006
0.0
6.3
0.0
0.0
0.0
0.0
0.0
0.0
0.0
0.0
0.0
0.0
0.0
0.0
0.0
0.0
29.822546770287072
27.28937119139664
21.90990078537503
27.021839274518975
33.45350137001592
22.611498785689434
35.634860390894836
18.188471423140662
27.855852395324728
10.186235553145638
8.62229846588917
19.923796906954056
18.12481448926006
44.87287152586873
1.1050799217746772
1.2921975278137785
0.0
0.0
0.0
0.30597019055190705
14.968848736225592
0.0
0.0
1.0229211788341754
0.0
0.0
-5.838
17.306121097568788
-4.8
0.0
0.0
0.0
0.0
0.0
12.456253205892864
-5.16
6.797357735009481
0.0
0.0
0.0
4.041589158780909
0.0
0.0
0.0
0.0
0.0
0.0
0.0
0.0
0.0
0.0
0.0
0.0
0.0
0.0
0.0
7.468789182333191
57.905204880916315
7.046594689835324
12.909116389016791
40.17538878515764
32.805742069628465
51.74124055530345
-3.748325806156015
25.29390425255406
12.252929981185233
0.0
19.916378894999404
20.968390044341657
50.34436998025799
-4.8
0.0
0.0
-6.0
0.0
0.0
3.0744601902150843
-1.2653999999999999
0.0
0.0
0.0
20.579974614003323
0.0
20.428675439759576
0.0660108469304207
0.0
0.0
0.0
2.386869890951563
0.0
4.9032376450131805
0.0
12.926608078199434
2.503237645013181
0.0
0.0
-0.010523311990171091
9.502956838685398
-8.7
0.0
0.0
0.0
0.0
12.935716690355367
0.0
-6.672
0.0
-4.8
-4.8
0.0
0.0
0.0
12.303808408901599
19.266283904776305
13.22461348579837
12.221696721548472
4.541747890991774
15.546202415196596
57.857820584867106
19.341162813714917
6.24650224410119
29.475137461294494
16.300538021384906
0.02007000000000012
12.529894646761715
52.060764183960636
-4.6672977
2.1924189000000003
9.172180394942446
0.0
-3.245482586636911
0.0
25.509278539265672
-0.11339747708854854
-0.4522474848307376
0.0
-6.0
0.0
0.0
12.48241363567331
23.407786676134265
9.979365110386665
0.0
0.0
-3.0
0.0
0.28668801170319164
0.0
0.0
0.0
0.0
-3.0105233119901706
2.5814611666350538
0.0
0.0
0.0
0.0
0.0
0.0
0.0
0.0
0.0
0.0
0.0
0.0
0.0
0.0
0.0
42.03241352972586
15.699567727303888
40.041294966419265
51.18155059437364
5.589597997785809
6.720180822052473
62.310077589842926
31.078990627677523
6.490236372900441
17.95638648355582
26.137938140253535
2.5793280322879326
15.757411674424844
33.32425822478042
0.0
5.181893816914655
0.0
0.0
0.0
-2.9981629970266295
4.605925128683456
0.0
0.0
0.0
0.0
0.0
-1.7799299999999998
0.0
7.881732712199588
-4.330860933104585
0.0
2.9878899029823343
0.0
8.30084734650376
12.683993356596801
18.178568428723466
0.0
0.387
-7.783514235548884
0.0
6.720180822052473
-2.6076025624555204
0.0
0.0
0.0
0.0
0.0
0.0
0.0
0.0
0.0
0.0
0.0
0.0
0.0
0.0
5.564491674369662
32.31288277631626
18.329048646081766
26.46760224913693
14.083858452181522
20.348821316872765
29.38464330988297
8.060274984328082
21.893718893307835
6.693630039793826
24.613656119958094
0.0
18.967177360524342
23.572079785770494
-2.69840503924157
0.8457362929220307
1.8854632744850273
-2.4544149744727415
4.589474799706444
10.046549603115908
39.42884308627702
-0.7089694770385521
3.4136413530641008
0.0
-4.638
1.2887362901838506
-0.03699017019143014
22.862666351055815
-2.798471105711485
0.0
-6.0
0.0
-3.0
0.0
-10.357999283631573
-6.753935870606672
0.0
-9.778468534408926
-2.811843904556569
0.0
0.0
8.852823811219519
0.0
0.0
0.0
0.0
0.0
0.0
0.0
0.0
0.0
0.0
0.0
0.0
0.0
0.0
9.540096623731007
21.488644718907413
3.651338927561187
13.744729318557878
36.35701239258416
22.74134895925294
42.30482874036147
-12.044165178617298
9.82042340565435
0.0
-9.13412106422286
27.45563782228729
34.72239913492392
33.14127667187185
-3.711
-6.192896850987975
1.8924416589609985
0.0
0.0
0.0
14.717092635546328
-3.2485561400660794
0.0
0.0
-7.7951096848980885
0.0
0.0
10.68722676079634
-6.332483636309499
16.08959358295398
4.26091558896
-3.438
0.11383927337521324
3.9893723391284146
25.652117945490303
4.26091558896
2.1923208144315343
0.0
-5.346160726624786
0.0
0.0
13.854849969669978
0.0
0.0
0.0
0.0
0.0
0.0
0.0
0.0
0.0
0.0
0.0
0.0
0.0
0.0
25.659779766842174
20.00308427429344
17.332013625122606
32.33224976238438
6.97080697258755
15.321198928952443
43.0723921232366
21.98521666394608
10.229729331321343
24.3457696712032
11.149682994045424
1.3151011744611696
4.328810066194235
40.90271145694232
-2.7941429012539896
4.999727778383979
-4.558418583338577
-1.452
-0.1925617797232837
0.0
35.2564932126256
-2.4146427046628616
-0.8610942925907522
0.0
-7.8
0.0
0.0
5.075039165039725
2.3218312181530285
-0.027359842087014474
6.906868165660831
-2.966225930556887
0.0
0.0
15.2906377345925
0.0
0.0
0.0
0.0
0.0
0.0
11.970226139468014
0.0
-4.8
0.0
0.0
0.0
0.0
0.0
0.0
0.0
0.0
0.0
0.0
0.0
0.0
48.28258563623763
3.6497069760758905
39.78863985524618
59.606934190579864
25.119574049639915
9.196593149237287
50.845086345167
49.20402750126483
4.541816371968995
37.449141332020275
19.52517808120637
0.0
5.18258523071615
45.02934045980455
0.0
5.711329443920823
0.0
0.0
2.030147590078419
0.0
7.998089829945443
0.0
0.0
0.0
0.0
11.392787408279567
0.0
-2.0790691091722877
0.0
0.0
0.0
7.590752308036895
0.0
0.0
0.0
0.0
0.0
-4.542
0.0
-5.612367
0.0
-6.042
0.0
0.0
0.0
0.0
0.0
0.0
0.0
0.0
0.0
0.0
0.0
0.0
0.0
0.0
23.459780450719734
15.292531376199195
22.99756697895166
20.091152673204704
19.138031627121254
17.40519580485654
20.49629889850801
11.013488347168508
2.618854069612983
12.287963332167477
12.692174366713983
12.35628264711235
11.377358044908588
24.240615190421877
3.071969087781777
3.845757164802882
-2.0634944490739318
-0.8747546458888684
0.0
0.0
4.430122670038957
2.4497472732344776
-8.770221550301834
0.0
3.9693469994854986
0.0
-2.8756485727112566
18.989923289639403
2.335790898579445
0.0
5.0847331746170665
0.0
-3.0
0.05720292249429606
0.0
-3.362705235882553
0.0
0.0
0.0
0.0
0.0
-9.299999999999999
0.0
0.0
0.0
0.0
0.0
0.0
0.0
0.0
0.0
0.0
0.0
0.0
0.0
0.0
3.1895970658441257
27.522748185231638
13.261847641946428
20.18307490952986
28.136606316371534
23.749876833774042
31.139531015913242
0.0
13.488572911592971
-3.752654469026486
0.33728924221338463
18.425365322649405
30.65301374734451
38.59069946028532
-8.547133876524606
0.0
-5.707272912232773
-3.1463999999999994
-0.5743067699999995
0.0
30.889991525965993
-1.77966549962255
0.0
-4.8
0.0
0.0
0.0
15.097845438535838
-3.0
35.71994975299522
-0.5777574563865704
5.125986674578019
0.0
-1.7999999999999998
3.5790932241846196
-5.217651559027077
0.0
0.0
-4.063098344881917
-7.199999999999999
0.0
9.24388560382689
0.0
0.0
0.0
0.0
0.0
0.0
0.0
0.0
0.0
0.0
0.0
0.0
0.0
0.0
11.652086756456498
11.554928045083338
23.454608424101764
26.235633751156303
17.09236914398241
8.6156205182022
37.69608929458722
8.069501912417241
8.726800361300201
25.68492261530965
0.0
25.752850240997468
14.390785409390201
23.67295706878204
-0.28514482130991303
-7.646570209442406
-8.588232401070625
-7.143782392837317
-5.532617452711711
-6.0
20.146918256024552
-8.092113594889344
-5.238
-6.538525417336672
0.0
0.0
-1.4652557739615701
10.437422515440307
-1.4700000000000002
-7.21689363911245
-8.1
0.0
1.0834010536014103
0.4583719050262518
9.059839149704045
0.0
-1.9793060501829698
-6.06
-5.48583512566835
0.0
0.0
8.85448449245018
0.0
0.0
0.0
0.0
0.0
0.0
0.0
0.0
0.0
0.0
0.0
-2.6963398662893905
0.0
0.0
30.17647929082223
11.406653821035384
29.557758565778453
34.960933922209705
13.512735120956595
28.93591860132357
33.21223813139086
24.24365370332797
-4.0348093028481244
31.317874541963377
37.78040579149007
17.594783439936457
0.056090485986833194
30.037782894166416
15.166469255642387
8.975360347055757
-3.862303622763862
7.986770963429532
16.311693202008588
12.951858136116766
11.168451699293716
0.1753702647101436
0.20894918190127876
0.0
0.0
2.6903884926692143
-3.4338489082679424
-0.5014767376122916
-2.169331542667032
0.0012859020813591718
-3.5485254158810453
25.02164576238072
-6.586731238344523
7.1428527623383395
6.025542578484259
3.6901196471612066
4.480584520781638
7.973931062709825
10.998443921812317
2.2445697445137305
2.946868003797807
6.640012060382984
0.0
0.0
0.0
0.0
0.0
-0.6838951520103733
-4.58728125773827
0.0
0.0
0.0
0.0
-4.551605235882553
-4.5569999999999995
0.0
19.530887749809125
14.570025117547365
7.963326192730904
21.234005329114474
25.051472356519728
21.00526014006881
18.280413364741634
7.253257634784732
10.130384721575604
22.038111083687795
11.46260017260056
17.001014386398708
19.851197906553466
27.857426177375647
-2.7512960315580743
4.944656277060343
6.164512821333643
-1.0737754624041487
10.351596526274832
-3.124128036325774
4.495422683566765
-10.297411086451445
-5.641616900035265
2.5297988628145895
-6.019991138029629
0.5415454666279933
-2.9739045092571494
-3.76432455890564
5.570520753116011
-1.7527713223543566
1.0118081108371069
12.15797531466773
11.209216125528567
6.388444823804894
4.200259594225179
5.165407590712759
-3.527594907419968
5.5796770856052085
0.21383667692384356
6.524275098761851
-5.378758209265057
-3.9315347940119647
-3.36
-7.619999999999999
-4.236247061518469
-2.2082822699560887
-6.378282269956088
3.064837662934481
-3.9833201332642094
-3.0
-2.829943426750963
-3.150416377915449
0.0
-8.16937740215421
-6.812441374574073
-6.89233921023668
7.480259325057385
27.23142755778116
0.47132052554801085
16.84377106140971
19.911291859153117
30.29195826457562
32.32225468010872
-4.98674985090741
30.96461776936768
19.742441614651103
4.776361393557848
18.460218261350786
15.856590713831068
18.592003816151255
0.8075545408869518
1.49086824014362
-5.200910320734963
3.8097038460480177
5.007709116544244
-2.1226755797743078
14.028488616035228
1.206351612704934
0.24299999999999997
-1.153112903703402
-1.724981555083921
3.879057522124127
0.0
5.325239528206824
1.170972532693031
20.167615896469243
4.224207344224217
10.958798646850473
5.3183720943260235
5.64578648918358
0.5525821040304235
-9.959999999999999
0.35571602103973277
0.7888324421024036
7.284385815812933
21.371774736752432
14.771965104550207
-7.024392318118319
-0.4661637723048213
-2.947513449230811
-5.988947591727931
5.063406609118623
-3.0
0.0
-2.1
-8.219999999999999
-8.16
-5.873496344881916
-2.3778873337327555
0.0
0.0
-3.349001122687931
14.045329422235973
15.99165830634722
22.966644200270707
14.97605826092503
23.494847456956762
22.17848950302189
24.60601534786997
8.17724110133543
17.52840286715346
22.510523777701344
15.50949296198962
20.829047695328825
26.373563499288778
24.306656925655457
4.344581855420917
-0.004748443468735486
6.238843832615334
2.823331043199793
2.163845506301897
4.118086965089965
10.321722355298636
-8.093697584789314
-2.980276584505263
9.2399298592707
-5.152542474233299
-4.609256503547186
-1.5468928474639432
16.584220690299478
-4.071936379629808
-1.2975130892368467
-11.490762744305277
14.131105609739318
8.499433457044086
1.9699052372001704
0.7049470389880836
-6.222270223354132
0.09987863384303086
-3.198773410935882
-0.23348152544430345
9.241034268867853
-4.441946253907235
-4.051060217356214
-6.128836186442138
-5.454766209813975
-4.308853624754403
-6.586078163937319
-5.047530652197197
-6.405009
-4.786340126607656
-13.758986326488994
-10.512
-15.969698544982972
2.5881036393335686
-0.5267463371912804
0.0
-11.276308766587977
0.0
0.0
0.0
0.0
0.0
0.0
0.0
0.0
0.0
0.0
0.0
0.0
0.0
0.0
0.0
0.0
0.0
0.0
0.0
0.0
0.0
0.0
0.0
0.0
0.0
0.0
0.0
0.0
0.0
0.0
0.0
0.0
0.0
0.0
0.0
0.0
0.0
0.0
0.0
0.0
0.0
0.0
0.0
0.0
0.0
0.0
0.0
0.0
0.0
0.0
0.0
0.0
0.0
0.0
0.0
0.0
0.0
0.0
0.0
0.0
0.0
0.0
0.0
0.0
0.0
0.0
0.0
0.0
0.0
0.0
0.0
0.0
0.0
0.0
0.0
0.0
0.0
0.0
0.0
0.0
0.0
0.0
0.0
0.0
0.0
0.0
0.0
0.0
0.0
0.0
0.0
0.0
0.0
0.0
0.0
0.0
0.0
0.0
0.0
0.0
0.0
0.0
0.0
0.0
0.0
0.0
0.0
0.0
0.0
0.0
0.0
0.0
0.0
0.0
0.0
0.0
0.0
0.0
0.0
0.0
0.0
0.0
0.0
0.0
0.0
0.0
0.0
0.0
0.0
0.0
0.0
0.0
0.0
0.0
0.0
0.0
0.0
0.0
0.0
0.0
0.0
0.0
0.0
0.0
0.0
0.0
0.0
0.0
0.0
0.0
0.0
0.0
0.0
0.0
0.0
0.0
0.0
0.0
0.0
0.0
0.0
0.0
0.0
0.0
0.0
0.0
0.0
0.0
0.0
0.0
0.0
0.0
0.0
0.0
0.0
0.0
0.0
0.0
0.0
0.0
0.0
0.0
0.0
0.0
0.0
0.0
0.0
0.0
0.0
0.0
0.0
0.0
0.0
0.0
0.0
0.0
0.0
0.0
0.0
0.0
0.0
0.0
0.0
0.0
0.0
0.0
0.0
0.0
0.0
0.0
0.0
0.0
0.0
0.0
0.0
0.0
0.0
0.0
0.0
0.0
0.0
0.0
0.0
0.0
3.6088500185215597
0.0
14.607528311609073
-7.199999999999999
0.0
0.0
9.839825807561299
-10.505405498761524
-3.0599999999999996
19.745119516483875
-7.199999999999999
9.64436319051601
9.849617550960163
38.63423166802405
0.0
0.0
0.0
0.0
0.0
0.0
0.0
-13.44
0.0
0.0
0.0
0.0
0.0
0.0
0.0
0.0
0.0
0.0
0.0
0.0
0.0
0.0
0.0
0.0
0.0
0.0
0.0
0.0
0.0
0.0
0.0
0.0
0.0
0.0
0.0
0.0
0.0
0.0
0.0
0.0
0.0
0.0
5.081920169891155
0.0
0.0
15.850035903421329
0.0
2.7947191427438938
14.97105257408533
30.82250745086921
2.7206764131046413
-7.199999999999999
0.0
3.872405273316453
-1.7999999999999998
15.650161372224627
0.0
0.0
0.0
0.0
0.0
0.0
0.0
0.0
0.0
0.0
0.0
0.0
0.0
0.0
0.0
0.0
0.0
0.0
0.0
0.0
0.0
0.0
0.0
0.0
0.0
0.0
0.0
7.591685185509576
0.0
0.0
0.0
0.0
0.0
0.0
0.0
0.0
0.0
0.0
0.0
0.0
0.0
0.0
13.00229077021007
-6.299421070620762
4.685803647880085
0.0
0.0
0.0
0.0
0.0
24.15431245250084
0.0
13.341050994018872
0.0
1.5303647239946339
61.622780590287384
0.0
0.0
0.0
0.0
0.0
0.0
0.0
0.0
0.0
0.0
0.0
0.0
0.0
9.57266000024053
0.0
0.0
0.0
0.0
0.0
0.0
0.0
0.0
0.0
-3.0
0.0
0.0
0.0
0.0
0.0
0.0
0.0
0.0
0.0
0.0
0.0
0.0
0.0
0.0
0.0
0.0
0.0
0.0
9.33141698212927
-1.7808462723137193
1.9829796606523038
0.0
0.0
0.0
31.886194609373348
0.0
2.7191537276862805
0.0
-0.8754204705830999
0.0
0.0
40.07465120728713
0.0
0.0
0.0
0.0
0.0
0.0
0.0
0.0
0.0
0.0
0.0
0.0
0.0
0.0
0.0
0.0
0.0
0.0
0.0
0.0
0.0
0.0
0.0
0.0
0.0
0.0
0.0
0.0
0.0
0.0
0.0
0.0
0.0
0.0
0.0
0.0
0.0
0.0
0.0
0.0
0.0
0.0
-9.38643855092046
14.547001068861722
-8.639999999999999
4.723238318708088
36.44379928726407
19.41463978521717
43.363086946911665
-10.404
4.172032584120182
3.231242550366493
-3.5999999999999996
6.259653197877277
2.3515774487386776
33.72245707759047
-3.0
-4.8
0.0
0.0
0.0
-3.0
0.0
0.0
-5.3999999999999995
0.0
0.0
0.0
0.0
0.0
0.0
0.0
0.0
3.5489223077656873
0.0
0.0
0.0
0.0
0.0
0.0
0.0
-1.9385251789719677
0.0
0.0
0.0
0.0
0.0
0.0
0.0
0.0
0.0
0.0
0.0
0.0
0.0
0.0
0.0
0.0
17.10339527547416
7.50052565285023
19.595685906902887
27.370614279314918
20.56812592690214
36.08673955429834
40.8321734748595
23.613173026177353
1.403348799587492
0.0
0.0
0.0
0.0
44.810823362095135
0.0
11.928730520071207
0.0
0.0
0.0
0.0
18.026338385369797
0.0
0.0
0.0
0.0
0.0
0.0
0.0
0.0
0.0
0.0
0.0
1.5061119866766757
0.0
0.0
0.0
0.0
0.0
0.0
0.0
0.0
8.348112603241777
0.0
0.0
0.0
0.0
0.0
0.0
0.0
0.0
0.0
0.0
0.0
0.0
0.0
0.0
30.323952017151075
1.2599999999999998
0.0
0.0
-11.34
20.681136142778854
87.45619639324946
16.167864181623017
4.513589660501026
17.00077094441423
7.024035994329223
-9.0
12.838916940164776
46.39066651692363
6.502814622509529
0.0
0.0
0.0
0.0
0.0
0.0
-4.8
0.0
0.0
0.0
0.0
0.0
0.8287305200712082
0.0
0.0
0.0
0.0
0.0
0.0
0.0
0.0
0.0
0.0
0.0
0.0
0.0
0.0
0.0
0.0
0.0
0.0
0.0
0.0
0.0
0.0
0.0
0.0
0.0
0.0
0.0
0.0
4.034598999666128
1.806991883926508
8.543041686434911
0.0
29.783721262986507
0.0
50.509301056402194
0.0
0.0
0.0
0.0
0.0
-1.5398270497701716
49.51516043971261
0.0
2.9348714584721174
0.0
-3.0
0.0
0.0
0.0
-3.0
0.0
0.0
0.0
0.0
0.0
0.0
0.0
0.0
0.0
-2.67195
0.0
0.0
9.839825807561299
0.0
0.0
0.0
0.0
0.0
0.0
0.0
0.0
0.0
0.0
0.0
0.0
0.0
0.0
0.0
0.0
0.0
0.0
0.0
0.0
0.0
6.859972163140126
14.49742711838162
12.148525864427583
8.264765341780883
56.65924295439777
0.0
85.32424244801781
10.438219889886177
0.0
0.0
0.0
22.869569160921603
-0.4324977812877524
43.740212862875914
0.0
0.0
0.0
0.0
-7.8
0.0
0.0
0.0
0.0
-6.0
0.0
0.0
0.0
-0.5310817810130777
0.0
0.0
0.0
0.0
0.0
-0.10989363657313511
0.0
0.0
0.0
0.0
0.0
0.0
0.0
0.0
0.0
0.0
0.0
0.0
0.0
0.0
0.0
0.0
0.0
0.0
0.0
0.0
0.0
0.0
39.74556447462219
8.923226371800315
0.0
5.331259634059279
23.199027672290978
17.227817519095307
61.34461202369579
10.588287563265869
0.0
0.0
0.0
0.0
0.0
50.46679453614132
1.6008990862623929
0.012878960631631114
0.0
0.0
0.0
0.0
-1.1336709356019101
-5.16
0.0
0.0
0.0
0.0
0.0
0.0
10.427041589531113
0.0
0.0
0.0
0.0
2.3581390851591086
0.0
-2.3633024470070407
0.0
0.0
0.0
0.0
0.0
-4.8
0.0
0.0
0.0
0.0
0.0
0.0
0.0
0.0
0.0
0.0
0.0
0.0
0.0
0.0
23.85532780457163
13.262266498556713
12.34468832397276
28.95923618364782
2.8008416226557724
22.384283515422183
87.18622185753829
5.275717289251758
0.0
13.292973257392434
2.187
0.0
14.667978688350413
82.02304252375654
-1.0480910604508287
0.0
0.0
0.0
0.0
0.0
-0.5310817810130777
0.0
0.3883412517572083
0.0
0.0
-1.7999999999999998
0.0
-1.7999999999999998
0.0
0.0
0.0
0.0
0.0
0.0
0.0
0.0
0.0
0.0
0.0
0.0
0.0
0.0
0.0
0.0
0.0
0.0
0.0
0.0
0.0
0.0
0.0
0.0
0.0
0.0
0.0
0.0
18.616581321380206
26.33431604507347
26.425250587469147
0.0
26.159808171844812
9.557260809629778
26.234846550838895
0.0
0.0
8.1
0.0
20.168704656537418
4.5
66.16671811583606
-2.1
0.0
0.0
-3.5999999999999996
0.0
0.0
-3.0
0.0
0.0
0.0
0.0
0.0
0.0
0.0
-3.0
-2.1
0.0
0.0
0.0
0.0
0.0
0.0
0.0
0.0
0.0
0.0
0.0
14.739079442418367
0.0
0.0
0.0
0.0
0.0
0.0
0.0
0.0
0.0
0.0
0.0
0.0
0.0
0.0
17.94614600399141
45.28765231978727
4.664765341780884
37.343840146131456
18.325239930271575
25.384688638933483
74.51813876618942
1.0025724635588138
7.481465531087998
0.0
14.623989142664378
0.0
0.0
86.97068950422658
-3.0
0.0
0.0
0.0
0.0
0.0
7.286999999999999
0.0
0.0
0.0
0.0
0.0
0.0
0.0
0.0
0.0
0.0
0.0
0.0
0.0
0.0
0.0
0.0
0.0
0.0
0.0
0.0
23.110008580725555
0.0
0.0
0.0
0.0
0.0
0.0
0.0
0.0
-6.0
0.0
0.0
0.0
0.0
0.0
7.397529015725993
9.902510132676461
32.07930029981239
22.56932751076706
16.840909725536136
18.624577136836947
82.0675787376416
4.548098745315983
0.0
6.9635738575941195
0.0
10.65745899997222
0.0
61.427957419422974
12.494580197510453
-1.6082238617200628
0.0
0.0
-3.0
0.0
0.0
0.0
0.0
0.0
0.0
0.0
0.0
0.0
-6.0
3.183669121721188
0.0
0.0
0.0
19.32066039893673
21.91100264955631
0.0
0.0
0.0
0.0
0.0
0.0
0.0
0.0
0.0
0.0
0.0
0.0
0.0
0.0
0.0
0.0
0.0
0.0
0.0
0.0
0.0
31.67681834658883
21.38388340887557
9.426624854403588
7.358904580156079
17.809663108539837
15.780096282422239
82.19956745077667
0.0
15.561706131554647
0.31378257281777716
0.0
11.848287563265869
9.549932684715792
77.8798570847493
12.932504215851619
1.8663290643980899
-2.3203967758111275
0.0
0.0
0.003477319370540401
-2.6655214085494947
7.108204175789652
8.104967599100771
0.0
0.0
-0.15894900598112827
0.0
3.3
0.10650933378974692
0.0
0.0
0.0
0.0
0.0
0.0
0.0
0.0
0.0
0.0
0.0
0.0
0.0
0.0
0.0
0.0
0.0
0.0
0.0
0.0
0.0
0.0
0.0
0.0
0.0
0.0
0.0
17.05975928292224
18.28026798516144
34.75090560752834
21.731308200821424
32.80173107226784
28.783859694395204
79.93849397986314
10.963378937160757
0.0
5.587198944819507
0.0
0.0
7.264284388937506
62.296604026409575
-4.5123
13.833437436070097
0.0
0.0
0.0
0.0
0.0
0.0
0.0
0.0
0.0
0.0
0.0
0.0
0.0
3.5909999999999997
0.0
0.0
0.0
0.0
22.31986786360414
0.0
0.0
0.0
0.0
0.0
0.0
-1.29
0.0
0.0
0.0
0.0
-3.5999999999999996
-6.0
0.0
0.0
0.0
0.0
0.0
0.0
0.0
0.0
41.78128767249637
12.603256510976085
32.20104600711595
25.759565258116634
15.035842767865539
14.302407507533921
94.9360862837765
17.616151156978948
5.268404035758733
2.6480923310900835
15.149344830963276
11.200327912056732
4.091496460242151
92.5630722925616
5.021277957702238
-4.03887
0.0
0.0
0.0
0.0
8.1
1.5
0.0
0.0
0.0
0.0
0.0
10.286999999999999
0.0
0.0
0.0
0.0
0.0
0.0
5.1
0.0
0.0
0.0
0.0
0.0
0.0
0.0
0.0
0.0
0.0
0.0
0.0
0.0
0.0
0.0
0.0
0.0
0.0
0.97749
0.0
0.0
9.919098348742327
18.897281479761155
29.764081816134915
39.961700564596136
23.86812628047205
43.2925797921781
90.47015986327904
0.0
1.052396132147855
10.956390998231528
0.0
7.139259394227892
15.331383917134513
84.43453895056325
2.068487508250479
3.958669862981422
0.0
-3.0
-6.0
0.0
7.548557972025013
0.0
2.5253974356422346
0.0
0.0
0.0
5.949455990778637
16.26999467711912
-1.83756
1.377
0.0
0.0
0.0
0.0
17.2329
0.0
0.0
0.0
0.0
0.0
0.0
0.0
0.0
0.0
0.0
0.0
0.0
0.0
22.074811845289947
0.0
0.0
0.0
0.0
0.0
0.0
0.0
19.03388318798536
58.03132364966463
19.969510996807823
14.743924288846639
19.75716797283781
31.258047804964075
89.45319520485997
12.012339947893086
22.407583822222158
0.0
3.9428657891228163
31.87415370350066
32.29854093388007
51.646031982010385
0.0
0.0
0.0
0.0
-1.7999999999999998
19.541727261269124
30.646755835201958
13.66184983460488
4.5
-1.0746025643577652
0.0
0.0
9.57266000024053
31.66219762661963
-3.125422407148706
0.0
12.460791935031827
0.0
0.0
0.0
5.089476688009829
3.7777796757210154
0.0
0.0
0.0
0.0
0.0
3.39839173206382
0.0
0.0
0.0
0.0
0.0
0.0
0.0
0.0
0.0
0.0
0.0
0.0
0.0
0.0
20.643725437516846
-7.5181729755153635
16.61692927781485
20.263478775662293
22.86427029675204
19.733401959647278
62.991921628637286
17.85081273559437
0.0
0.0
0.0
23.380728105354365
0.02871404909135737
57.58676702389417
-3.0
-2.4185035397578476
3.6875601406670646
1.9920254714817311
3.223107037732083
0.0
14.943530872270138
0.0
2.647947304697438
4.6544551379207615
0.0
-2.0486099999999996
0.0
16.73412103288766
0.0
0.0
0.0
0.0
5.261948276510621
0.0
8.1
-5.16
0.0
0.0
-6.6
0.0
0.0
19.1246410200442
0.0
0.0
0.0
0.0
0.0
0.0
0.0
0.0
0.0
0.0
0.0
0.0
0.0
0.0
51.02464229777341
9.888568737784492
45.625387206811816
45.892173311180315
25.91047984126676
13.94803999963991
65.64041098445105
21.523448021226656
-2.201966773457617
13.432131890583708
2.6999999999999997
8.941016908460785
15.340623275644713
76.40345181891874
-0.011086234465240333
15.140668429636044
0.0
0.0
0.0
0.0
9.15266123573413
0.0
0.0
0.0
0.0
0.0
8.661540326181784
17.20294228039521
0.0
12.836495204334843
0.0
0.0
0.0
0.43991212239232397
19.224225353780064
0.0
0.0
0.0
0.0
0.0
0.0
0.0
0.0
0.0
0.0
0.0
0.0
0.0
0.0
0.0
0.0
0.0
0.0
0.0
0.0
0.0
27.28582806564696
20.79937729267414
32.84965584369099
45.43612670822641
-6.778429033199622
32.9806194065017
85.44697106956745
0.0
11.135976156399856
14.138216407013344
26.26171221914713
18.701647905662533
0.0
60.32060889472774
5.3053358700524775
4.848040151223231
20.869821299801263
-6.0497878573094095
-0.368581799935057
0.0
21.66920512734341
-0.1770788211658246
0.0
0.0
0.0
0.0
4.749239544885622
15.002147176761609
0.0
0.0
-5.875296827475941
0.0
0.0
0.0
8.803974454398805
0.7820406640107788
0.0
0.0
0.0
0.0
3.2596531978772774
6.3
0.0
0.0
0.0
0.0
0.0
0.0
0.0
0.0
0.0
0.0
0.0
0.0
0.0
0.0
11.698808383842604
44.402258151712246
18.455146540146696
26.260331521528897
39.10912952814413
46.112331931700524
48.163873004339216
8.035143222021409
38.5881595047261
0.0
17.661460186155292
39.74533470177082
12.584369116547226
53.59167539179815
-2.1
6.981042771915933
5.017244835846488
0.0
-0.6124457542499815
-6.479128767016531
0.0
-0.25644269530256164
-2.40932974404158
0.0
0.0
-0.368581799935057
-4.7143163185690184
3.3
0.0
0.0
0.0
0.0
0.0
-1.7999999999999998
1.77
-5.15998085875651
0.0
0.0
0.0
0.0
0.0
7.198604395853524
0.0
0.0
0.0
0.0
0.0
0.0
0.0
0.0
0.0
0.0
0.0
0.0
0.0
0.0
4.767859345449676
11.75178847922617
7.382030228542286
18.92795622535746
23.129934465586437
12.057061976776751
35.562851354370544
14.96979434035353
-0.221520553623599
15.144676452990822
0.0
0.5178911836503303
9.526960611349791
43.62870378512971
0.6574095998954013
-3.0
0.0
0.0
2.664356218256599
0.0
22.37476714886203
4.07301430232141
0.0
0.0
0.0
0.0
-0.2454825866369112
2.734429719926781
-0.8169853082352505
0.06394358473496697
-2.392356735281977
9.546753935432093
-6.0
0.0
1.6464984911546487
1.929459825693418
0.0
0.0
0.02871404909135737
0.0
0.0
4.859843530661938
0.0
0.0
0.0
0.0
0.0
0.0
0.0
0.0
0.0
0.0
0.0
0.0
0.0
0.0
53.15568042119609
9.860341594837326
38.16028114672365
65.71699170051356
11.496394895247908
19.653541119290608
71.88149041135831
13.707425709758166
1.2856906810852335
17.17464596968052
34.53851467153472
12.343930929875864
13.30578163416423
61.77179505840758
0.0
7.329760632162035
0.0
0.0
-6.6
0.0
21.513072961703156
-1.7999999999999998
0.0
0.0
8.67473106535777
0.0
0.0
19.897427118381618
0.0
0.0
0.0
0.0
2.6918858204812364
2.367992786929426
22.95117048062693
0.0
4.836729386046347
0.0
0.0
0.0
0.0
0.0
0.0
0.0
0.0
0.0
0.0
0.0
0.0
0.0
0.0
0.0
0.0
0.0
0.0
0.0
17.268400602762714
24.314053738998826
15.257587899571671
17.15813738455221
40.14824098226866
24.996919222495833
57.39963785432778
0.0
16.53669185674505
5.673485489361001
0.0
-2.9286
20.682596601205255
66.4960985622062
12.232119544679538
-3.0
12.254787802507478
0.2625320100289155
0.0
4.207642710030773
12.798560885293927
0.0
7.877370654912766
0.0
0.0
0.0
0.0
3.6224934152661916
-2.838
0.0
0.162
0.0
0.0
0.0
25.18102358988843
-2.838
12.796808369777574
0.0
0.0
0.0
0.0
-4.68105733514394
0.0
0.0
0.0
0.0
0.0
-2.086224416478405
0.0
0.0
0.0
0.0
0.0
0.0
0.0
0.0
21.184586323414795
22.03841318679452
17.604722170623816
11.640758996744834
45.40970868196982
49.43134575165543
58.05728588385527
4.2389500447853194
34.03364298346153
5.468250503010908
15.100359395282965
33.81326530499482
44.35307215796683
29.72250940204963
0.0
0.0
5.017244835846488
0.0
0.0
0.8552191977809499
0.0
11.283715645143973
12.383545572953475
0.0
0.0
0.0
0.0
12.083521755387567
1.6875940324068595
0.0
0.0
-7.70073
0.0
0.0
3.044054568583749
10.903750545550615
0.0
0.0
0.0
0.0
0.0
0.0
0.0
0.0
0.0
0.0
0.0
0.0
0.0
0.0
0.0
0.0
0.0
0.0
0.0
0.0
11.31784900306989
16.293250951006616
33.065071046157804
12.349730689263616
14.338645352042839
16.94633403569088
31.025019788801814
2.415559766279472
8.80537438443305
6.784251889795615
3.3146220922923706
0.20122559428057354
-0.7719460342293374
10.154036233259774
-3.881185165186931
0.0
2.6904126257210015
0.0
0.0
-0.7258763261146625
22.176325645472236
0.0
0.0
0.0
0.0
0.0
0.0
9.75171486797992
-0.12758067685846752
0.0
0.0
1.3904766481009752
0.0
0.0
-2.078157451422361
-1.638
0.0
0.0
0.0
0.0
0.0
11.772656233778811
0.0
0.0
0.0
0.0
0.0
0.0
0.0
0.0
0.0
0.0
0.0
0.0
0.0
0.0
33.28358682552536
18.25005931946729
54.85264325786792
58.48827721846575
0.7568971142614744
11.517010996135586
49.12489442660577
0.0
1.5799963146626343
23.892087261831943
34.46046130388694
0.0
15.306742595513661
25.50254228298875
5.0711232503827315
0.9719999999999999
3.643493216726181
0.0
0.0
-3.5999999999999996
12.64478394154318
-1.4283243568145312
0.0
0.0
23.81089432013324
8.093541941667755
0.0
-6.612996726631743
0.0
-4.6794
0.0
0.0
0.0
0.0
9.725456725773844
0.0
0.0
0.0
0.0
0.0
0.0
13.251120983462073
0.0
0.0
0.0
0.0
0.0
0.0
6.536212407452128
0.0
0.0
0.0
0.0
0.0
0.0
0.0
5.695717415091523
3.5328281722102353
32.9250534299249
22.29168378877535
15.511182951619055
21.363772070119072
33.87194819266856
2.607924531538621
1.9876927880794657
18.392854737937164
0.3691547891296292
11.146321824141292
20.66316249659292
17.753110650704222
15.583861889002861
-1.637731949142659
1.2963600246217002
-3.9917301762161324
3.1208901521693764
2.0881870351660408
25.977299102274632
0.08330894543034002
-1.6440258503841982
2.3968149257823996
0.0
-2.461384111930918
-0.3383547896533113
0.0
2.1557971753403185
0.7210683055009628
-2.417934762658114
0.0
2.6915199932635057
0.0
7.700834237361203
-7.2871851947713004
0.0
0.0
-3.0
0.0
0.0
11.259611300798971
0.35001720664785907
0.0
-5.741582228528275
0.0
0.0
0.0
0.0
0.0
0.0
0.0
0.0
0.0
0.0
0.0
11.172992750863896
52.497613607167395
14.29251669133574
21.953427224584782
39.61809766044085
50.59944383186992
31.12999659040707
10.71851353720477
16.125387405220316
-2.4821471709773526
11.804938660070462
29.52037618639706
14.06954159910821
30.82341027487265
6.552182823133924
-3.0
12.864936445937964
-2.649982793352141
20.969056334617367
0.0
12.634479793056357
1.2103869829773184
0.0
0.03083707812097991
0.0
-0.47776328627728826
0.0
3.9645327577136733
-2.1
-1.7999999999999998
-1.5387999793781821
0.0
0.0
0.0
4.056689020621818
-6.6
0.0
-4.041797969999999
0.42628893885031927
0.0
0.0
1.6684361653589952
0.0
0.0
0.0
0.0
0.0
0.0
0.0
0.0
0.0
0.0
0.0
0.0
0.0
0.0
2.7656600416280774
10.323832292151227
13.406778409350974
23.6403485723864
22.293966823342082
17.99982489587107
24.66155962830429
14.175915312720061
12.696723807481625
18.117757226094763
1.612623828097889
8.631932920696396
-1.2886763026223806
23.15216796942973
0.5184840469512384
0.0
-3.194495854369632
3.7453944248710327
3.178828389952676
0.0
21.446994162579294
6.062127316211084
0.0
1.694800260953061
0.0
0.0
0.0
1.0046738961532435
-11.088831320536503
-1.7999999999999998
-4.8
-3.785020066086972
-4.4264571687136804
0.0
7.696562766095685
-6.0
1.0008791817936251
1.3834919677271083
-0.2424387689999996
0.0
0.0
-0.11418922685929114
0.0
0.0
0.0
0.0
-7.761381448797099
0.0
0.0
0.0
0.0
0.0
0.0
0.0
0.0
0.0
30.4437379928188
23.099979987139562
37.261275433802126
30.37262223334975
28.857519562579824
18.582030966244346
34.67024629630082
48.81800454326509
20.088103651938756
30.245922770421192
27.905009601251948
9.259215810836682
27.083750649663166
38.136401924992526
19.149932201564695
12.258620817713762
10.71852658139682
43.88311734229201
11.475898524140069
18.19839321006709
24.869401082739188
-2.928693295713095
-3.016496815445544
16.763382920940515
1.2040567315924093
8.416992404592602
-9.730821034314996
-2.6411942416706573
19.78125594969787
13.059005422370154
20.001178602637367
17.545017982684122
11.16667648417833
9.661407443953358
22.013316696999688
-0.41228811176738567
1.1942322541814065
10.190300232521968
0.0
6.140476027612793
13.078187558511452
4.009503199985163
-5.1
-5.596354445543002
-4.598743572558153
0.0
-8.811675388385098
-8.610988676478499
0.0
-9.32288149530826
-10.013823077186624
-2.827145059318171
-4.761381448797099
-4.8
-7.319999999999999
0.0
17.197569837849418
23.904098696341794
21.06532631428018
26.464820714939115
22.949020787190385
20.920699450344966
24.021674923021703
19.00596627510877
11.77635458907171
11.421623020265766
6.062565568130696
9.254659964041123
21.275056830018613
18.881197080461046
6.535932193252361
9.015526867665725
2.6155099652754483
2.7883040899884493
1.9863588844422968
7.282626873565335
9.006064740213338
10.719746335920034
7.079586882840761
-1.362189398536799
5.500913979186275
-2.693541808124156
8.51483766753508
8.891374847657843
1.3891752724703643
6.315880935605745
5.132610078761573
10.137308167497496
3.0125244681577
10.38049462226487
10.061174473696097
-3.0
-6.568179423538887
0.2373764379044794
-3.4909413876932405
-4.517629064515194
8.35174162587131
-1.6295875429618722
0.3944940142066593
-2.847039189049112
0.3288706398894241
4.201029549572493
-3.362834133778026
1.218039406997867
-3.7900736664647705
-8.16
-4.847959839555539
-3.288601470877281
-2.458225748497526
-5.1975134492308115
0.0
-6.341827219622811
19.847902532835704
36.250297613403276
25.316066092256168
28.259332223641664
26.62834946530277
42.67728940600236
30.064225220297402
7.899170145901387
31.67226085802383
22.15166655235794
15.957221659111394
27.186052213381625
25.844192096011913
26.54754175379996
6.827104961099539
16.627057285729634
6.363921752538554
11.019362359589492
3.089653498782142
17.599085205974326
5.143813922164471
1.18696895311047
14.43185525146556
-11.384929642446028
4.576236012670532
1.2256511213598973
14.589044952485137
5.05845486441987
12.38949537779104
21.025180912429352
6.631749761994486
20.562816467508117
0.0
20.371409736854197
15.62898136795172
-3.3562868426200962
2.629449534317496
-5.95687665895703
-5.455911807395129
-3.428580738338903
0.0
3.804495583123774
-6.942872443881299
2.006571301861016
-1.5089736001884724
-3.567146094160469
-2.0642998107307378
-2.847039189049112
0.0
-4.881334333170699
0.0
-7.05
-1.4095739848055726
0.0
0.0
0.0
20.195014263237496
7.737624901214284
38.1530311984846
30.152366348396743
27.909980587850523
24.268560790919015
29.738671735390106
-0.1773158150363264
0.6105515915512906
18.56855312868403
17.557930622416173
25.850537555547394
13.909705012760748
27.484020533172583
1.3956878841652258
-7.1561567623368845
4.351938348522927
3.2625577969382586
14.762415148970788
6.597890558601689
4.740154943902001
1.5775616964545787
-8.315784052007267
-4.244835822248423
3.2797419109485784
16.063069231121677
-9.264183118605665
-6.423007238330811
-2.826121241058244
-12.720397403918195
-3.881797065497894
3.0244809684023
7.50631945143392
-1.7637744407664147
8.380316467940563
-2.1
-9.959999999999999
-2.4807658960375933
-4.875173883068011
-10.62514929626801
0.0
4.9979309004676065
-4.55632687758
-4.8
-4.786996687821036
-10.777079016336307
-4.9932639735605004
-8.162773939077052
-3.7613504336499743
-2.2466999999999997
-3.0
0.0
-14.625640861444195
0.0
0.0
-11.946365209764943
0.0
0.0
0.0
0.0
0.0
0.0
0.0
0.0
0.0
0.0
0.0
0.0
0.0
0.0
0.0
0.0
0.0
0.0
0.0
0.0
0.0
0.0
0.0
0.0
0.0
0.0
0.0
0.0
0.0
0.0
0.0
0.0
0.0
0.0
0.0
0.0
0.0
0.0
0.0
0.0
0.0
0.0
0.0
0.0
0.0
0.0
0.0
0.0
0.0
0.0
0.0
0.0
0.0
0.0
0.0
0.0
0.0
0.0
0.0
0.0
0.0
0.0
0.0
0.0
0.0
0.0
0.0
0.0
0.0
0.0
0.0
0.0
0.0
0.0
0.0
0.0
0.0
0.0
0.0
0.0
0.0
0.0
0.0
0.0
0.0
0.0
0.0
0.0
0.0
0.0
0.0
0.0
0.0
0.0
0.0
0.0
0.0
0.0
0.0
0.0
0.0
0.0
0.0
0.0
0.0
0.0
0.0
0.0
0.0
0.0
0.0
0.0
0.0
0.0
0.0
0.0
0.0
0.0
0.0
0.0
0.0
0.0
0.0
0.0
0.0
0.0
0.0
0.0
0.0
0.0
0.0
0.0
0.0
0.0
0.0
0.0
0.0
0.0
0.0
0.0
0.0
0.0
0.0
0.0
0.0
0.0
0.0
0.0
0.0
0.0
0.0
0.0
0.0
0.0
0.0
0.0
0.0
0.0
0.0
0.0
0.0
0.0
0.0
0.0
0.0
0.0
0.0
0.0
0.0
0.0
0.0
0.0
0.0
0.0
0.0
0.0
0.0
0.0
0.0
0.0
0.0
0.0
0.0
0.0
0.0
0.0
0.0
0.0
0.0
0.0
0.0
0.0
0.0
0.0
0.0
0.0
0.0
0.0
0.0
0.0
0.0
0.0
0.0
0.0
0.0
0.0
0.0
0.0
0.0
0.0
0.0
0.0
0.0
0.0
0.0
0.0
0.0
0.0
0.0
0.0
0.0
0.0
0.0
0.0
-12.239999999999998
0.0
2.1489389829458356
0.0
0.0
0.0
0.0
12.170320169891152
0.0
14.296672427892826
5.070102617946666
0.0
0.0
73.95985214789441
0.0
0.0
0.0
0.0
0.0
0.0
0.0
0.0
0.0
0.0
0.0
0.0
0.0
0.0
0.0
0.0
0.0
0.0
0.0
0.0
0.0
0.0
0.0
0.0
0.0
0.0
0.0
0.0
0.0
0.0
0.0
0.0
0.0
0.0
0.0
0.0
0.0
0.0
0.0
0.0
0.0
0.0
13.554378161741461
-3.0
6.330340334031601
0.0
0.0
0.0
6.607736265543217
-2.1
0.0
0.0
7.137162608928566
0.0
0.0
46.813534758704435
0.0
0.0
0.0
0.0
0.0
0.0
0.0
0.0
0.0
0.0
0.0
0.0
0.0
0.0
0.0
0.0
0.0
0.0
0.0
0.0
0.0
0.0
0.0
0.0
0.0
0.0
0.0
12.143678822269244
0.0
0.0
0.0
0.0
0.0
0.0
0.0
0.0
0.0
0.0
0.0
0.0
0.0
0.0
12.481592181549539
8.344261327667555
18.88743608270397
0.0
6.102299773557086
0.0
11.671204732765077
14.003582165229673
-7.199999999999999
0.0
0.0
2.978043221974067
0.0
53.34175629381861
0.0
0.0
0.0
0.0
0.0
0.0
0.0
0.0
0.0
0.0
0.0
0.0
0.0
0.0
0.0
0.0
0.0
-1.7999999999999998
0.0
0.0
0.0
-4.8
-14.280000000000001
0.0
0.0
0.0
0.0
0.0
0.0
0.0
0.0
0.0
0.0
0.0
0.0
0.0
0.0
0.0
0.0
0.0
0.0
0.0
5.175601725783537
-1.0700404906709717
0.0
-0.8424142517635009
0.0
-3.578885501563689
0.06646010660358798
3.090100500035136
6.744868512727076
34.56995988649715
0.0
9.250311228319966
0.0
4.76608214134433
0.0
0.0
0.0
0.0
0.0
0.0
0.0
0.0
-4.215434486527415
0.0
0.0
0.0
0.0
0.0
0.0
0.0
0.0
0.0
0.0
0.0
0.0
0.0
0.0
0.0
0.0
0.0
0.0
0.0
0.0
0.0
0.0
0.0
0.0
0.0
0.0
0.0
0.0
0.0
0.0
0.0
0.0
0.0
21.782108525472104
2.3515774487386776
23.30263919829542
14.239885173851974
0.0
9.615074405316584
84.455294336255
0.0
19.89477737522935
0.0
0.0
16.196245683642232
0.0
60.741378512403955
0.0
0.0
0.0
0.0
0.0
0.0
0.0
0.0
-8.1
0.0
0.0
0.0
0.0
0.0
0.0
0.0
0.0
0.0
0.0
0.0
0.0
0.0
0.0
0.0
0.0
0.0
0.0
0.0
0.0
0.0
0.0
0.0
0.0
0.0
0.0
0.0
0.0
0.0
0.0
0.0
0.0
0.0
2.8524566674556304
10.156027467290983
10.41
32.33426990357118
0.0
24.793824854264123
77.58080611663212
-3.0
0.0
-6.683539893396412
0.24614854297625177
0.0
0.0
86.30453109457207
0.0
0.0
0.0
0.0
0.0
0.0
0.0
0.0
0.0
0.0
0.0
0.0
0.0
-3.0
0.0
0.0
0.0
0.0
0.0
0.0
0.0
0.0
0.0
0.0
0.0
0.0
0.0
22.120484985188202
0.0
0.0
0.0
0.0
0.0
0.0
0.0
0.0
0.0
0.0
0.0
0.0
0.0
0.0
29.67948912534666
-4.454834486527414
7.195181767614604
2.3395394105999996
3.3
10.867511306951775
67.38541764645011
9.836328257742196
-5.3999999999999995
16.036887071588993
1.7177410458
0.0
-7.199999999999999
34.75901412132262
0.0
0.0
0.0
0.0
0.0
0.0
0.0
-9.796209917634
0.0
0.0
-2.536209917634
0.0
0.0
0.0
-2.571095935719895
0.0
0.0
0.0
0.0
0.0
0.0
-10.272
0.0
-4.8
0.0
0.0
0.0
0.0
0.0
0.0
0.0
0.0
0.0
0.0
0.0
0.0
0.0
0.0
0.0
0.0
0.0
0.0
46.798175128221615
0.0
22.672369291393547
21.451082844160343
58.81087299210832
20.926761151114142
50.9046122183271
0.0
9.145998941581
0.0
1.6476611582484337
0.0
6.712986334583449
58.8210369514581
-3.68154
0.0
0.0
0.0
0.0
0.0
28.391546797961464
-4.948209917634
0.0
-4.8
0.0
0.0
0.0
0.0
0.0
0.0
0.0
0.0
0.0
-1.7999999999999998
0.0
4.437897934258263
0.0
0.0
0.0
0.0
0.0
0.0
-4.8
0.0
0.0
0.0
0.0
0.0
0.0
-6.4402059942814445
0.0
0.0
0.0
0.0
0.0
0.0
50.34162666778586
43.964864287908675
24.70154804171458
-0.535074088840557
29.862306576022604
4.45532326396159
100.67706067652017
22.880229010422795
0.0
0.0
0.0
0.0
0.0
88.31571156747577
0.0
0.0
0.0
0.0
0.0
0.0
0.0
0.0
0.0
0.0
0.0
13.810941833410832
0.0
-4.8
0.0
0.0
0.0
0.0
0.0
0.0
0.0
0.0
0.0
0.0
0.0
0.0
0.0
0.0
0.0
-3.0
0.0
0.0
0.0
0.0
0.0
0.0
0.0
0.0
0.0
0.0
0.0
0.0
56.830432035775175
29.677798992903305
1.052002505789376
22.70714797302727
34.78653994381254
19.63796943288072
93.78926513033191
0.0
38.65989507343933
0.0
0.0
0.0
0.0
81.14044112997122
-3.389824318588521
-6.0
-7.8
-3.0
-5.40951
0.0
28.055131817941508
11.194265053838283
0.0
0.0
0.0
0.0
0.0
-3.0
-2.4374145044771427
0.0
0.0
0.0
0.0
-3.0
0.0
0.0
0.0
0.0
0.0
0.0
0.0
0.0
0.0
0.0
0.0
0.0
0.0
0.0
-3.0
0.0
0.0
0.0
0.0
0.0
0.0
0.0
14.608134740832334
22.49914306044412
10.911592610846442
26.810490897591308
8.95057959503668
14.711294592921405
60.317649323263545
9.353842181780621
-1.7999999999999998
14.249376992455325
0.0
0.0
-2.678885501563689
70.13596772647112
-0.6815568599778
0.0
0.0
0.0
0.0
0.0
0.0
-8.094
0.0
0.0
0.0
0.0
0.0
0.0
0.0
-1.7999999999999998
0.0
0.0
0.0
0.0
-1.7999999999999998
-3.0
0.0
0.0
0.0
0.0
0.0
0.0
0.0
0.0
0.0
0.0
0.0
0.0
0.0
0.0
0.0
0.0
0.0
0.0
0.0
0.0
43.82495118313759
3.570828216586431
32.224881750178014
18.631455029733413
31.09448868775754
33.145547118110215
69.3345563488473
0.0
10.936377002413558
0.0
8.1
19.61013297782244
-0.10989363657313511
47.95284145329957
0.0
11.14416807
0.0
0.0
0.0
0.0
20.993557163445658
0.0
0.0
0.0
0.0
0.0
0.0
11.59187140899247
-1.4700000000000002
-3.0
2.187
0.0
0.0
0.0
0.0
0.0
0.0
0.0
0.0
0.0
0.0
0.0
0.0
0.0
0.0
0.0
0.0
0.0
0.0
0.0
0.0
0.0
0.0
0.0
0.0
0.0
40.52800169094443
40.31819680322046
47.972532542002426
21.600540309415443
10.11821739329065
42.835426203900376
104.58191191101655
20.677672802149452
0.0
0.0
16.86671120666673
0.0
0.0
88.34198905013638
0.0
0.0
0.0
0.0
0.0
2.414792340873371
0.0
0.0
0.0
0.0
0.0
12.715837080020798
0.0
0.0
0.0
0.0
0.0
0.0
0.0
0.0
0.0
0.0
0.0
0.0
0.0
0.0
0.0
0.0
0.0
0.0
0.0
0.0
0.0
0.0
0.0
0.0
0.0
0.0
0.0
0.0
0.0
0.0
54.039996720711365
37.33447569928046
39.556139254513575
23.960578376186184
26.52726755151542
54.76004597338671
113.74597494184215
20.488214365720108
2.2932882
-4.8
0.0
15.404257599528524
0.0
89.23238433200214
18.21655154135592
0.0
0.0
0.0
0.0
0.0
26.56959239583409
0.0
0.0
0.0
0.0
0.0
0.0
13.321112259659545
7.717222160807366
16.99864134539727
0.0
-6.0
3.4530067085603453
24.099541499965323
0.0
0.0
0.0
0.0
0.0
0.0
0.0
0.0
0.0
0.0
0.0
0.0
0.0
0.0
0.0
0.0
0.0
0.0
0.0
0.0
0.0
0.0
20.045785784017994
28.06618622250316
6.424641354610422
14.394976653139112
5.479644635629818
19.093078942362165
92.76636958893688
1.4972234963312674
15.442944478538138
0.0
19.278238653182086
37.24647266800027
34.69481834524124
68.30685679241141
1.97628146049321
0.9563286985182
6.835839220726045
0.0
0.08873270999999949
0.0
24.16804974840685
-5.16
0.0
0.0
0.0
0.0
0.0
11.492757063649346
-1.4691
20.03330408230411
1.871343
0.0
0.0
0.0
8.490852755064276
0.0
-9.665491678925724
8.949592970592843
0.0
0.0
0.0
4.677
-1.5414450116074074
0.0
-1.7999999999999998
0.0
0.0
0.0
0.0
0.0
0.0
0.0
0.0
0.0
0.0
5.6625854955228565
30.20745447812414
31.784673917558475
26.676088924138128
35.422937288021835
35.59279119822994
41.74785919843208
85.65954542115733
22.122186787822443
9.287630787304574
0.0
0.0
0.0
16.608684381435626
78.43602920207451
1.2951782810265984
4.700333553497147
0.0
0.0
0.0
0.0
22.82078391823745
1.3472800833863903
0.0
0.0
0.0
0.0
0.0
3.049255763955064
0.0
0.0
0.0
0.0
0.0
0.0
0.0
0.0
0.0
0.0
0.0
0.0
0.0
0.0
0.0
0.0
0.0
0.0
0.0
0.0
0.0
0.0
0.0
0.0
0.0
0.0
0.0
0.0
54.663613841908074
3.9252804216958244
9.534259323114957
38.379853972188045
44.170090249365245
0.0
102.44672744546011
57.99174899633992
2.537953350207001
25.430121956721422
20.304701135576945
24.69571225530958
0.0
94.1088884991006
0.0
0.0
0.0
0.0
0.0
8.596078742775092
0.0
0.0
0.0
-4.73090994055577
0.0
-1.06643646
0.0
0.0
5.081920169891155
0.0
0.0
0.0
0.0
0.0
0.0
-3.0
0.0
0.0
-3.0
0.0
0.0
0.0
0.0
-1.7999999999999998
0.0
0.0
0.0
0.0
0.0
-6.119999999999999
0.0
0.0
0.0
0.0
0.0
0.0
56.13630460532066
36.1681333079188
4.644436621240072
20.0817003834572
64.30435426975677
43.158943732139875
89.74754371412759
0.0
12.8162477307222
21.165601506348608
7.6247698229382035
11.78948525944961
23.32525970716639
91.96509296167642
-8.779687914462377
0.0
25.569541499965325
1.442412706436943
3.0744601902150843
5.850685384382721
3.3
-1.6668087018953612
0.0
0.0
0.0
6.842182532243128
0.0
0.0
0.0
0.0
7.064817183375877
0.0
0.0
0.0
0.0
0.0
0.0
0.0
0.0
0.0
0.0
0.0
0.0
0.0
0.0
0.0
0.0
0.0
0.0
0.0
0.0
0.0
0.0
0.0
0.0
0.0
12.851970018272995
33.1153292359983
23.676140611264504
0.59571136622688
38.823048983897706
55.76672437033851
91.42830146755219
11.566139634173076
15.958993121384655
1.4972234963312674
-1.5040301467643469
24.54584741578755
6.3
71.16247444252747
-1.7999999999999998
0.0
0.0
0.0
0.0
0.0
5.1
0.0
0.0
-0.47460256435776527
0.0
0.0
0.0
0.0
12.034780999246937
3.060994086460899
12.788913735408688
0.0
0.0
0.0
0.0
-5.699999999999999
10.477422460296683
0.0
0.0
0.0
-6.607845255608177
6.261693997279985
-0.016350016582011406
0.0
0.0
0.0
0.0
0.0
0.0
0.0
0.0
0.0
0.0
0.0
0.0
0.0
46.62133091651572
19.630412116312915
43.69876774025884
24.542710706601696
34.10188647081202
6.18980362576183
91.68804919513445
16.766507092164844
4.832494415798194
0.0
16.447041188441688
56.18965628282938
0.0
98.23247438643064
33.699961324727724
8.09862473731924
0.0
23.49840765672262
0.0
0.0
53.24859492484762
0.0
4.156949635102413
0.0
0.0
10.953281146492102
0.0
63.42995910891608
0.0
0.0
0.0
0.0
0.0
0.0
6.3
-6.0
0.0
0.0
0.0
0.0
0.0
0.0
0.0
0.0
0.0
0.0
0.0
0.0
0.0
0.0
0.0
0.0
0.0
0.0
0.0
0.0
59.85810841822521
9.398845273920005
35.97430457373372
39.315584388065446
30.28353017296357
28.441761106104643
77.50652278190422
40.04959986798539
0.03258118930100885
6.307012074622511
15.321938911247173
-0.03611757703332179
8.154465084662974
50.14690548503274
0.0
-3.828
0.0
0.0
0.0
-2.07069996
9.902118401507323
0.0
0.0
0.0
0.0
0.0
0.0
8.487
0.0
0.0
0.0
17.664390171814247
0.0
0.0
0.0
0.0
0.0
0.0
0.0
0.0
8.043930767555441
0.0
0.0
0.0
0.0
0.0
0.0
0.0
0.0
0.0
0.0
0.0
0.0
0.0
0.0
0.0
30.675569996372253
31.737094237181765
32.91148801885852
27.959222131540805
57.66856802947729
43.27104147606599
79.00261861375566
8.301478575090252
11.86126235482619
12.73608511839872
0.0
32.25363406036641
24.352710692093112
41.42586623801584
0.6188284872834634
0.2898861214107818
1.962336927795994
0.0
0.0
10.014382739847962
31.221192703843357
-2.79426
0.0
0.0
0.0
0.0
0.0
15.77588497755363
11.964023517289771
22.330827585210614
0.0
0.0
0.0
0.0
12.969720932477578
-1.542
3.518733672014703
0.0
0.0
0.0
4.744140002219271
0.6
0.0
0.0
0.0
0.0
0.0
0.0
0.0
0.0
0.0
0.0
0.0
0.0
0.0
0.0
30.329171434351903
47.3323430348491
18.85379953091687
27.379483955150548
40.925931741750915
54.25691027231236
63.660948164769415
1.825289500428048
30.732130467654425
0.0
6.891988702958935
58.109364274333146
23.26860368986928
66.82044249427398
4.7781146865395545
0.0
0.0
0.6675531871532359
0.0
0.0
44.90028229311588
-5.1527118
0.0
0.0
0.0
0.0
0.0
24.766582583930237
0.0
5.67
0.0
0.0
0.0
0.0
11.375043205524792
0.0
0.0
0.0
0.0
-4.859999999999999
0.0
0.0
0.0
0.0
0.0
0.0
0.0
0.0
0.0
0.0
0.0
0.0
0.0
0.0
0.0
0.0
50.93552516963297
24.47415211264383
34.32710511687807
27.528137411491862
50.942264125879575
15.44049539043922
68.25869444162092
14.452655510995395
0.0
2.598288678
25.995425824446578
15.494268886792856
8.569459669145099
54.59186528059937
1.5386787920607503
0.0
0.0
0.030923219467268837
0.0
0.0
46.58457242787006
-1.7829564417079533
0.0
-4.8
-1.4850657662371418
0.0
0.0
16.265221473207745
-6.6
0.0
0.0
0.0
4.247732203239895
0.0
6.6100931991
-5.16
1.14849333
0.0
0.0
4.913307665223919
0.0
0.0
0.0
0.0
0.0
0.0
0.0
0.0
0.0
0.0
0.0
0.0
0.0
0.0
0.0
0.0
70.74279241987732
15.391511739555678
40.63818566198636
60.615331660285946
8.656273243825119
12.899371576488193
65.42126880478372
50.564497091922156
-4.028431863139041
13.341260597494772
21.285919946350905
7.400321825191558
18.180530137171957
52.316007947266726
0.0
0.0
0.0
0.0
-6.882402482275985
0.0
25.59902719087321
0.0
0.0
0.0
0.0
0.0
0.0
8.410886480304299
0.0
0.0
0.0
1.4579999999999997
0.0
0.0
9.324741134432765
0.0
0.0
0.0
0.0
0.0
0.0
8.196979638148703
0.0
0.0
0.0
0.0
0.0
0.0
0.0
0.0
0.0
0.0
0.0
0.0
0.0
0.0
38.563792698566495
17.530738309368378
18.753991867377977
46.052722998217455
33.074787560337725
29.32305696427969
63.63722019597033
-1.7999999999999998
22.644367037602926
6.537635804642678
18.57164861412392
-4.630081153943957
15.114468601897673
52.311023449592284
4.4298620815031216
0.0
5.4573886964246405
0.0
0.0
9.843179016500308
38.24891698835667
-8.16
-2.8979999999999997
8.95862402697579
0.0
0.0
0.887922865555137
35.20520120558886
-2.2530750850208596
-1.424745207026163
4.050397086897875
4.6885560623763
0.0
7.004145636256559
24.54620463095396
-1.638
0.0
-1.157085734773593
0.0
-4.8
0.0
4.2263554661808636
-4.8
0.0
-6.0
0.0
0.0
0.0
0.0
-1.6059351195406872
0.0
0.0
0.0
0.0
0.0
0.0
14.036188356176268
23.01879014067255
11.376746525972827
23.17987427441101
61.75945639698239
50.928923398947106
51.668794169870125
14.352891636764646
16.510673417637367
14.798863792012382
4.7783499259371585
31.268738331140597
42.205526446645415
40.596168356580705
2.568643890851684
0.0
0.0
0.0
0.0
0.0
21.780331381247468
0.0
0.0
5.1137290770745025
0.0
0.0
0.0
10.843722687073454
-1.7978306999999996
9.008992102222109
12.08885657543447
0.7002693000000001
0.0
-3.0
27.20909775318209
-1.7999999999999998
0.0
0.0
0.0
0.0
0.0
0.97618851
0.0
0.0
0.0
0.0
0.0
0.0
0.0
0.0
0.0
0.0
0.0
0.0
0.0
0.0
43.593632516778946
39.96607777129435
34.54281735499141
26.57962023135206
33.409242269097696
33.12230658198774
67.76038444289092
10.879681932618531
6.799185559519279
32.70099554320598
15.62448223168899
24.390603355616914
10.570405856227325
60.3067014514452
18.90171664082981
0.0
2.052471562507758
2.5227133456586297
0.0
0.0
29.123699967066155
0.0
0.0
0.0
0.0
0.5541673218770946
0.0
14.090308399115148
-6.574699738879286
0.0
-1.4037278975912293
-1.1289510184330995
0.0
0.0
28.903449752150653
0.017744061663239916
1.7957342870968303
-1.7999999999999998
0.0
0.0
0.0
15.848132022782785
-4.452
-11.961113855361985
-3.0
0.0
0.0
0.0
0.0
0.0
0.0
0.0
0.0
1.7086286545827163
0.0
0.0
74.08530324294792
31.104562806981658
68.25547937896158
38.34821644926872
17.658152839470205
13.984315485504712
59.529068674584735
39.46047611351676
8.593497076478856
32.367811291044774
16.20211500567445
12.365343729817859
22.46347727948508
29.182066367612347
0.0
0.0
0.0
0.0
-0.00106065641931119
1.1149436804759998
11.841885305559263
0.0
0.0
0.0
0.0
0.0
-1.1146583587325243
19.475140560555687
-4.120630249912185
5.265869720572234
0.0
0.0
-3.5999999999999996
0.0
-7.5
3.9859844121201995
0.0
0.0
0.0
0.0
0.0
0.0
0.0
0.0
0.0
0.0
0.0
0.0
0.0
0.0
0.0
0.0
0.0
0.0
0.0
0.0
62.555574012932425
23.77187535797579
21.55888389038728
12.185202583419574
36.292793422279516
26.332540531668464
48.93726366900956
0.0
28.698704953759638
14.37574426146253
9.431186929947163
7.524362257889157
16.138412874009035
21.02734288131949
-1.662514480086623
0.3677462640050613
1.4294076005447045
5.540274394325627
5.022077326401925
4.637582595071258
17.62533622424473
0.0
0.0
0.0
0.0
0.0
8.640146098010465
8.13290810050847
0.08572135351885413
-0.8001429568837803
-0.05933412407054428
3.974131246702094
0.0
2.502098235727296
28.29459062880959
6.2018826572489045
20.626532554741488
0.0
0.0
0.0
-1.7160680702577162
21.53815383320629
0.0
0.0
0.0
0.0
0.0
0.0
0.0
0.0
0.0
0.0
0.0
0.0
0.0
0.0
3.7920660513027844
26.129568646756212
3.084741529372812
22.28817811949457
28.35212223130818
45.167228228816754
47.22439472786605
0.0
2.96484635492968
13.854059890386193
8.328207916555995
62.09542364704794
40.65173092039526
28.09985888880529
-4.2
0.0
-1.6655355425921798
-0.003616547818326765
0.0
0.0
38.526503909078734
-3.4540446673032745
0.0
0.0
0.0
0.0
0.0
5.699174023568389
0.648
0.0
-7.8
2.235588938850319
-3.1237909253798
0.0
19.662639889089427
-3.914961009090728
0.0
-4.8
0.0
-4.406339999999999
11.713372116037844
-3.4268849161727033
0.0
0.0
0.0
0.0
0.0
0.0
0.0
0.0
0.0
0.0
0.0
0.0
0.0
0.0
25.559077808127128
26.17578738829602
35.343269965524264
35.96267340898795
26.211676613617335
40.35706274576008
35.33586482324779
25.565517006390348
5.5343276503573815
19.21470722179241
10.41907513940248
16.898155235303456
27.05424089461238
31.520970750749655
17.526482761451255
0.0
0.0
9.405691020236901
-2.3026889892
0.0
25.32669945997171
0.5383559924869944
0.0
0.0
0.0
3.5166592382738804
0.0
7.217273080357881
2.7054920361989097
5.547325498492172
-0.0753589394582026
0.0
1.2496781157937693
0.0
21.39566614078518
0.0
4.212669903539505
0.0
0.0
0.0
11.245142835816226
7.649941420901137
0.0
0.0
0.0
0.0
0.0
0.0
0.0
0.0
0.0
0.0
0.0
0.0
0.0
0.0
28.474129729375385
32.05261698550777
49.73653384006722
41.45045069173881
30.609879124117306
24.978996728942466
47.383866939710686
59.23755572094568
3.4241485751463783
41.58529247867932
28.495631894270165
14.220747309447596
18.33536626411452
32.67224663639483
22.001999395125928
9.04835430946433
10.709841899744736
15.699712545763735
12.862346573061261
18.448381898649725
23.692341245192637
0.0
-2.32793624477679
14.748753718223133
0.0
16.167941171255443
-0.10185538239640479
1.5821171451644502
38.14360920168861
6.582529707811967
22.086919088435454
11.591116874820344
9.472600803711632
11.36480007022468
16.203644143658355
32.57020113819586
1.9009848168928527
10.505172867132911
-4.533518262002751
-0.47795968083411133
10.455701531135393
-0.38773274250977363
17.97143902173397
-2.906127447483557
-4.8
0.09671241900010649
1.6454661915177944
2.7996887150067504
-3.134465009999999
0.0
-1.0260595715775052
0.0
0.0
-4.2840400387922175
-0.271302186
-5.99799855
25.902358546532263
17.790333492424203
23.889723442212762
20.724496314336044
18.314878596084288
19.79577210636034
24.421976994571548
18.253740974044963
7.196605327875831
17.23084795654882
24.318882666481883
22.23872105054877
11.430392263597012
34.52783185440103
8.315711377251583
2.284987935757621
1.8894513361807752
10.506973130301205
11.379019674754968
8.154778276027873
10.721581010988523
-7.321958625692392
-1.7524327537607585
-6.4037150966078515
-0.8424858980318488
-7.8826963723545
5.793915951418969
-5.086730906163176
9.367419289281079
9.220394247364363
3.973000865370616
1.1948657677442462
0.9991543972306882
2.991100551705884
11.249501835629456
-3.8333983571472
4.716800019421956
2.6654653707983114
-2.9063352336013155
-0.3723168223035068
10.358020369508036
-3.960923960321769
-7.002013919556346
-9.291017561789413
-1.2469414303589792
-5.386590479585558
-2.352199934625602
0.2517213149736923
-3.6859860599999985
-3.0
-8.07
-5.597164944216876
-4.8
-8.054306342462173
0.0
-1.4437360463764293
33.59233845625184
35.570399550455136
15.241471384137355
23.518816442628655
53.74309164495712
37.656043094989506
40.89664047148998
5.026342552605704
34.35183642960964
4.824018142062409
15.244372620505981
29.89510865536755
35.380582457070425
40.69314599636144
14.489362067637256
8.123111976940152
6.350728082426528
1.4031136002815852
5.883819383418907
19.79218236019028
28.9899430260345
-1.6310609319509122
0.0
-10.049750991811958
-4.587903538932706
0.0
0.0
15.221949461913706
6.0898122126446355
4.162182622468583
8.663793541238427
8.274340947856036
-5.912524638227533
22.969935767588538
0.8242475717555511
-2.7980445305478776
-5.749588436069892
-1.1670613496564906
-4.8
8.489681474892926
3.8734079180828638
-5.4794207205471
-5.94
0.0
0.0
-3.9567
0.0
0.0
2.121340929062156
-6.454803
-4.8
-4.369493086395404
0.0
0.0
0.0
0.0
19.919117420100335
19.437182024572756
27.094896033817403
22.95355948258949
30.498002276289768
22.62565044371409
24.65649096314642
26.040412261665914
20.866893524250138
6.781364577032661
26.655899283732296
27.59641738076985
11.26970879953788
30.31010090381026
13.790583169652827
8.897666955378439
12.983960478031648
11.875592595636306
15.002867823957835
12.018291354133266
15.300087966056855
-1.3673517882672315
12.607343514659972
-1.1852782072153607
2.6902891731426863
-11.988619824915546
2.7221745735402965
5.222502408895574
6.455089511121735
3.598219611277387
3.8770597182561306
3.54334502663111
5.929915178440521
2.409979224305971
7.680765960787236
-3.2542256875313846
-10.058996003831213
-0.1420264251563914
-2.1000124383384753
7.639023983495007
-2.4498626750356856
-1.9329832812604355
-7.9388787
-13.00760660729328
-4.57649577
-12.381247268721019
-5.33711067824769
6.281872665174586
-9.031553059318172
-8.16
-12.865944976335385
-5.858918579033963
-6.9
-3.208765204142791
-0.4673025897579013
-8.447326395938802
0.0
0.0
0.0
0.0
0.0
0.0
0.0
0.0
0.0
0.0
0.0
0.0
0.0
0.0
0.0
0.0
0.0
0.0
0.0
0.0
0.0
0.0
0.0
0.0
0.0
0.0
0.0
0.0
0.0
0.0
0.0
0.0
0.0
0.0
0.0
0.0
0.0
0.0
0.0
0.0
0.0
0.0
0.0
0.0
0.0
0.0
0.0
0.0
0.0
0.0
0.0
0.0
0.0
0.0
0.0
0.0
0.0
0.0
0.0
0.0
0.0
0.0
0.0
0.0
0.0
0.0
0.0
0.0
0.0
0.0
0.0
0.0
0.0
0.0
0.0
0.0
0.0
0.0
0.0
0.0
0.0
0.0
0.0
0.0
0.0
0.0
0.0
0.0
0.0
0.0
0.0
0.0
0.0
0.0
0.0
0.0
0.0
0.0
0.0
0.0
0.0
0.0
0.0
0.0
0.0
0.0
0.0
0.0
0.0
0.0
0.0
0.0
0.0
0.0
0.0
0.0
0.0
0.0
0.0
0.0
0.0
0.0
0.0
0.0
0.0
0.0
0.0
0.0
0.0
0.0
0.0
0.0
0.0
0.0
0.0
0.0
0.0
0.0
0.0
0.0
0.0
0.0
0.0
0.0
0.0
0.0
0.0
0.0
0.0
0.0
0.0
0.0
0.0
0.0
0.0
0.0
0.0
0.0
0.0
0.0
0.0
0.0
0.0
0.0
0.0
0.0
0.0
0.0
0.0
0.0
0.0
0.0
0.0
0.0
0.0
0.0
0.0
0.0
0.0
0.0
0.0
0.0
0.0
0.0
0.0
0.0
0.0
0.0
0.0
0.0
0.0
0.0
0.0
0.0
0.0
0.0
0.0
0.0
0.0
0.0
0.0
0.0
0.0
0.0
0.0
0.0
0.0
0.0
0.0
0.0
0.0
0.0
0.0
0.0
0.0
0.0
0.0
0.0
0.0
0.0
0.0
0.0
0.0
0.0
-11.066244341758859
0.0
9.631131368448862
5.136351685739292
0.0
0.0
1.5694976267158116
-6.0915323467361455
14.918646043191561
0.0
-2.181002203237311
21.52187188274104
0.0
47.5932494962732
0.0
0.0
0.0
0.0
0.0
0.0
0.0
-14.193901408045203
-8.16
-7.92
-7.199999999999999
0.0
0.0
0.0
0.0
0.0
0.0
0.0
0.0
0.0
0.0
0.0
0.0
0.0
0.0
1.5
0.0
0.0
0.0
0.0
0.0
0.0
0.0
0.0
0.0
0.0
0.0
0.0
0.0
0.0
0.0
0.0
17.707092543637824
0.0
18.853504835104925
43.3539969833846
6.936351685739292
0.0
11.92060690487535
10.082372178356682
0.0
18.636351685739292
20.623518038319553
4.743566798241264
0.0
68.9463049236173
0.0
0.0
0.0
0.0
0.0
0.0
2.2052501199263026
0.0
0.0
0.0
0.0
0.0
0.0
0.0
0.0
5.466391757176236
0.0
0.0
0.0
0.0
0.0
0.0
0.0
0.0
0.0
0.0
-3.0
0.0
0.0
0.0
0.0
0.0
0.0
0.0
0.0
0.0
0.0
0.0
0.0
0.0
0.0
0.0
0.0
21.686649739400202
13.741510291288105
0.0
16.683299853985023
0.0
19.003813347958438
13.638516385671904
30.95666759846877
0.0
0.0
20.524767943061782
-1.7745464738727
64.63351503672284
0.0
0.0
0.0
0.0
0.0
0.0
0.0
0.0
9.879802268518125
0.0
0.0
0.0
0.0
0.0
0.0
0.0
0.0
0.0
0.0
0.0
0.0
0.0
0.0
0.0
0.0
0.0
0.0
0.0
0.0
0.0
0.0
0.0
0.0
0.0
0.0
0.0
0.0
0.0
0.0
0.0
0.0
0.0
11.387561683470942
0.0
0.0
0.0
0.0
0.0
-1.366840872
-4.377094591659919
5.440384048998667
0.0
-8.639999999999999
6.435850556766927
0.0
5.885927402677385
0.0
0.0
0.0
0.0
0.0
0.0
0.0
-5.16
0.0
-4.8
-4.8
0.0
0.0
0.0
0.0
5.1
0.0
0.0
0.0
0.0
-3.0
0.0
1.010905408340081
0.0
0.0
0.0
0.0
0.0
0.0
0.0
0.0
0.0
0.0
0.0
0.0
0.0
0.0
0.0
0.0
0.0
0.0
0.0
-9.0
29.093979371013294
0.0
0.017714699999999996
34.40411631527397
0.0
76.77158891166452
1.4566562007174604
0.0
-6.060333475763968
0.0
26.230815416647467
0.0
74.46153754953511
-5.3999999999999995
20.815301535648523
0.0
0.0
0.0
-6.0
0.0
0.0
-1.682031300029415
0.0
-3.5999999999999996
-2.253105151051742
0.0
-1.7999999999999998
0.0
0.0
0.0
0.0
0.0
0.0
0.0
0.0
3.3
0.0
0.0
0.0
0.0
13.77171382606777
0.0
0.0
0.0
0.0
0.0
0.0
0.0
0.0
0.0
0.0
0.0
0.0
0.0
0.0
49.9191424061962
15.647163393308508
16.73995839520492
3.2999025163018465
28.698478382713652
15.03494609702792
70.53552404050734
0.09427231899
0.387
17.241168100186265
0.0
0.0
0.0
66.8058347600552
0.0
0.0
0.0
-9.899999999999999
0.0
0.0
0.0
1.1400000000000006
0.0
0.0
0.0
0.0
0.0
-3.0
10.247212046774644
3.450716182086737
7.566391757176236
0.0
0.0
0.0
9.558741072592685
0.0
0.0
0.0
0.0
0.0
0.0
19.04459149093698
0.0
0.0
0.0
0.0
0.0
0.0
0.0
0.0
0.0
0.0
0.0
0.0
0.0
0.0
9.790119058177467
13.915497582610804
3.2203433183666763
20.80719153848526
8.083063482825228
6.247150339024055
69.04497451656312
0.0
9.212287723677942
18.30266317685778
2.9229317321077857
-5.4538237103025216
13.368422464908194
77.5021503233231
0.0
0.0
0.0
0.0
0.0
0.0
0.0
0.0
0.0
0.0
0.0
0.0
0.0
0.0
0.0
0.0
0.0
0.0
0.0
0.0
0.0
0.0
0.0
0.0
0.0
0.0
0.0
0.0
0.0
0.0
0.0
0.0
0.0
0.0
0.0
0.0
0.0
0.0
0.0
0.0
0.0
0.0
28.145425384150055
37.72143128770056
26.658449557750792
12.963307189373825
11.691420699307184
0.0
81.71613949664548
-3.2114548908004923
11.207942138047105
39.1398796795291
0.0
9.4443522561509
0.0
79.31520659320381
-7.5
1.4354256673680164
-7.2
0.0
0.0
0.0
3.3701003251822623
0.0
-1.7999999999999998
0.0
0.0
0.0
0.0
12.731913171395268
0.0
0.0
0.0
0.0
0.0
0.0
0.0
0.0
0.0
0.0
0.0
0.0
0.0
0.0
0.0
0.0
0.0
0.0
0.0
0.0
0.0
0.0
0.0
0.0
0.0
0.0
0.0
0.0
38.28411596165667
11.290531236013166
5.450905408340081
35.39574930211266
1.7313166800000002
33.4771128319105
77.35218477439588
17.8563809409287
0.4767767801331275
12.789936412538212
-3.33
0.0
3.8390657906336645
47.254094803593055
-6.387280438243371
3.4431901358900583
-4.8
0.0
0.0
-1.7999999999999998
0.0
-3.9
0.0
0.0
0.0
8.397233427850576
0.0
0.0
0.0
0.0
-5.1897791777472
0.0
0.0
0.0
0.0
0.0
0.0
0.0
0.0
0.0
0.0
12.077163393308508
0.0
0.0
0.0
0.0
0.0
0.0
0.0
0.0
0.0
0.0
0.0
0.0
0.0
0.0
41.919664510587
31.59563732522563
-1.3878841631057472
25.107672519953855
36.81109496490841
22.58781215781413
79.6303168519299
12.621970882455402
9.659884062084036
0.0
22.16025201471344
0.0
35.8873012464374
73.27646693090334
-2.1
11.380239533982182
0.0
0.0
0.0
0.0
2.6197194620273017
0.0
0.0
0.0
0.0
0.0
0.0
16.44305594290767
-4.8
0.0
0.0
0.0
-4.8
8.63995839520492
-3.0
-3.5307415094555994
-6.42
0.0
0.0
0.0
0.0
9.775056312289612
0.0
0.0
0.0
0.0
0.0
0.0
0.0
0.0
0.0
0.0
0.0
0.0
0.0
0.0
37.95995274550045
32.88046433638222
15.720471215296126
9.333220066864508
4.0179638417671715
16.664106461891386
79.70581380768142
21.281500178196396
19.885205185707836
2.6588057067849755
0.0
38.12800163972106
8.1
83.77268128258645
-2.1
0.0
0.0
0.0
0.0
0.0
0.0
0.0
0.0
0.0
0.0
0.0
0.0
4.176005790670647
0.0
0.0
-3.0
0.0
0.0
0.0
0.0
0.0
0.0
0.0
0.0
0.0
0.0
0.0
0.0
0.0
0.0
0.0
0.0
0.0
0.0
0.0
0.0
0.0
0.0
0.0
0.0
0.0
43.676845796100565
-0.14475997785174188
36.739833179570475
10.841908918756003
20.540997709962397
27.976516714040173
86.69195164676555
33.75010771673593
18.730037917935615
0.0
10.87749
0.0
0.0
62.10970557339305
10.014628300086759
4.154830415210253
-2.326859432058379
0.0
-9.040366330003497
0.0
0.0
22.707438330145646
4.037371573628413
0.0
0.0
0.0
0.0
15.471537939688616
13.456720430874999
0.0
0.0
0.0
0.0
0.0
-0.9756534688678545
10.204879384859389
0.0
0.0
0.0
11.969620504816124
0.0
1.3503329577077823
0.0
0.0
0.0
0.0
0.0
0.0
0.0
0.0
0.0
0.0
0.0
0.0
0.0
0.0
44.54429729229053
28.806035422415896
18.33255997836302
12.037490266594505
45.036619437858455
27.00311478488384
57.90153405729217
16.053417268862958
0.0
19.514332064897502
5.922130513134173
-0.001577398050449208
0.0
66.46939228065348
14.384786447679152
-4.509
-5.1
-2.613
-3.0
0.9296613366903157
3.4013072482861526
14.13691033595587
0.0
4.662830147600614
-13.289100000000001
0.0
-5.436704471563647
21.85040945059339
0.0
0.0
0.0
0.0
2.7534820212051856
0.0
0.0
0.0
-1.7999999999999998
0.0
0.0
0.0
0.0
8.90816869676269
0.0
0.0
0.0
0.0
0.0
0.0
0.0
0.0
0.0
0.0
0.0
0.0
0.0
0.0
39.489269406577925
25.170575343207915
17.22283836137732
31.328561562673542
57.01386910831077
33.003940648450936
75.08857276481383
0.0
45.642341451190944
0.0
16.945322783774767
5.688375199796573
31.713291392169957
68.2336859441468
4.700757874534351
9.70266467417519
0.0
0.0
0.0
3.938169712724769
9.206894848948258
10.031461189998684
0.0
0.0
0.0
0.0
-3.0
16.0082337821312
-3.027387
0.23230370278884038
0.0
-6.6
-0.3
11.941526137503809
14.137019534459036
-5.16
-5.16
0.0
0.0
-4.8
4.639038605876586
-1.1378773121999999
0.0
0.0
0.0
0.0
0.0
0.0
0.0
0.0
0.0
0.0
0.0
0.0
0.0
0.0
1.1465931024555989
51.40125672789575
16.28472723984087
0.27600238389993326
34.888198247032264
19.65542454018864
87.99017936093817
1.6360123974503142
12.043933564155964
0.0
-3.319256052311058
35.767401735419966
13.50447885745235
73.37009898080007
0.00911895078544056
4.310324205559572
0.0
0.0
0.0
0.0
0.0
-7.8237243178111875
0.0
-4.8
0.0
0.0
0.0
0.0
0.0
0.0
-3.4020453697514537
0.0
0.0
0.0
0.0
0.0
0.0
0.0
0.0
0.0
0.0
0.0
0.0
0.0
0.0
0.0
0.0
0.0
0.0
0.0
0.0
0.0
0.0
0.0
0.0
0.0
44.46651611717148
43.902394430204666
49.008254347248915
27.084901026799628
36.19601412772351
48.3325073187205
96.69075689200612
21.5070066376932
7.248275682188812
0.0
19.54638474348513
21.434490786455825
0.0
89.19605392401697
1.9141845081114353
-2.8099096751203287
19.391865448953247
0.0
0.0
0.0
0.0
-3.2106927517138475
8.189234116441844
-1.2666829300739169
0.0
0.0
0.0
14.050340551660216
0.0
0.0
0.0
0.0
0.0
0.0
26.823687846454735
0.0
0.0
0.0
0.0
0.0
0.0
0.0
0.0
0.0
0.0
0.0
0.0
0.0
0.0
0.0
0.0
0.0
0.0
0.0
0.0
0.0
65.03165159140632
7.033264407052374
70.44506003234753
46.24581249376382
24.50734835426931
18.87076935105031
92.77521618385308
22.935408478303025
0.0
4.5
9.698129405125925
14.75041767114583
9.399658314467581
96.8641308611931
28.69855891694471
4.0996105516602155
2.6462459613073883
-3.0
15.986721925614285
3.6861053201721963
8.1
30.808133305142547
0.0
0.0
0.0
0.0
0.0
13.42835295703726
0.0
0.0
0.0
0.0
21.62865543429418
0.0
-3.0
8.321407127100567
0.0
0.0
0.0
0.0
0.0
0.0
0.0
0.0
0.0
0.0
-6.264849755550058
0.0
0.0
0.0
0.0
0.0
0.0
0.0
0.0
0.0
24.991817778399586
18.846998482465306
19.650313346455945
12.015894949404405
28.344627602841214
41.22806002389355
88.18590142977573
35.861529024568114
1.5239906232929998
11.888738386357645
11.205176023703135
9.768663936840763
35.12207718215521
61.99638562629324
1.504156845868418
22.15663774152817
0.0
0.0
0.0
0.0
8.585488920722774
0.0
3.250761008595148
0.0
-1.0972878597103706
0.0
4.782073878421848
27.686887542906
-4.8
1.377
-2.40951
0.0
0.0
-0.004409230359372884
28.485936002226612
-4.8
0.0
13.317002850520842
0.0
0.0
0.0
18.556374359520902
0.0
0.0
0.0
0.0
0.0
0.0
0.0
0.0
0.0
0.0
0.0
0.0
0.0
0.0
21.41624841753078
57.446555003007624
19.532187804960515
5.851278232798401
44.505291818650875
60.88133341012201
80.69085615933594
11.068594044823278
25.143427205318122
0.0
0.0029309657154398764
56.13533298665428
46.35605226785331
67.44866739988657
-4.8
9.117210117435103
8.379277593381953
-3.0
0.0
0.0
15.81019555752249
1.9005839953722106
51.23357000212711
-3.1941908243480506
0.0
2.461646731707478
13.664389573478404
31.4948368001316
-0.9666252076342117
0.09427231899
0.0
0.0
2.187
0.0
0.0
23.403270941431185
0.0
0.0
0.0
0.0
0.0
3.3
-4.8
0.0
0.0
-6.0
0.0
0.0
0.0
2.083605936035532
0.0
0.0
0.0
0.0
0.0
0.0
28.711997451331
57.34978033509224
16.39691484815706
39.572103618351676
47.18278181391776
37.907226602361476
90.17630613347096
2.1841089865313537
7.590515602727847
0.0
6.767701177873638
31.57934821594779
0.0
90.3811973440823
19.009405115522068
21.371296711853248
-2.329398972467831
0.0
5.014572687453286
-1.7999999999999998
31.034361456970196
0.0
0.0
0.0
0.0
0.0
0.0
21.802272687453286
-1.7719500000000001
-4.8
-3.0
0.0
0.0
0.0
20.260525440238446
0.0
14.908642773454739
0.0
0.0
0.0
0.0
0.0
0.0
0.0
0.0
0.0
0.0
0.0
0.0
0.0
0.0
0.0
0.0
0.0
0.0
0.0
55.97131092538884
15.312792196879869
73.49410807872921
50.25956555732255
21.38711606590731
20.57715544425001
74.49586367885661
39.368227348573484
17.079004247993073
4.546955836999478
35.19227110354551
16.232542641466075
0.0
54.4602156354204
-3.5999999999999996
0.44319013589005857
0.5168298171900876
0.0
0.0
0.0
0.0
-3.5999999999999996
-1.7999999999999998
13.082230340889952
7.9333670255887245
0.0
0.0
0.0
-1.7999999999999998
0.0
0.0
0.0
0.5359021244636658
0.0
0.0
0.0
0.5359021244636658
0.0
0.0
0.0
3.5359021244636657
12.633820322683578
0.0
0.15709980309882873
0.0
0.0
0.0
0.0
0.0
0.0
0.0
0.0
0.0
0.0
0.0
0.0
37.77204230020681
33.18140408931203
9.294387113973361
21.165470034556783
22.212308704063194
29.371791972837677
47.51505309703066
2.71112557335773
22.922260100195025
23.381187081325372
11.490304831653637
8.561887794202102
30.7256268466901
38.3123829757536
10.375479628230853
0.0
-0.9403022749619017
0.0
3.337820626571195
0.0
15.599246856321294
-0.9657645740012653
0.0
0.0
0.0
0.0
0.0
30.147135762156726
5.100989584201637
0.0
-0.580467969
-2.6342741526119005
0.0
0.0
21.249220682228284
2.89972680245507
0.0
0.0
0.0
0.0
0.0
-6.50933721314904
0.0
0.0
0.0
0.0
0.0
0.0
0.0
0.0
0.0
0.0
0.0
0.0
0.0
0.0
13.793657237902446
46.54950039288774
8.835952094710564
17.869556772199676
57.41683309299091
39.99163008282305
60.258770567211776
8.158996133726564
24.28514367053508
5.747457172883722
8.662610702429545
35.073449791320826
16.634536691448215
60.27454650365135
-3.1164
21.466539946218877
0.0
-1.4783956025496856
12.260954467221806
0.0
7.9640505
-5.16
2.6999999999999997
0.0
-4.310794987166023
0.0
0.0
10.38139847654133
-5.082
0.0
0.0
0.0
0.0
0.0
0.0
-2.966127547945629
0.0
4.81214898998978
0.0
0.0
0.0
6.076928014262418
0.0
0.0
0.0
0.0
0.0
0.0
0.0
5.050761008595148
0.0
0.0
0.0
0.0
0.0
0.6
39.26321296072727
49.337934524891566
31.211052624790078
33.53012012539072
15.007838026351925
33.26456312361062
95.1557888524574
2.0034107513579347
1.6019140688484625
31.6582539312937
9.46812161174263
0.0
11.853095687429315
63.997650843142
-10.228626510420693
-0.9559929030545423
0.0
0.0
6.322660634082577
6.1642795558322625
37.60798955703077
3.125952210909102
0.0
0.0
0.0
0.0
0.0
10.15415718039831
3.4666159301157045
0.6426800145536813
3.3853131920376778
0.0
0.0
6.369822168022759
17.89084329457191
0.0
0.0
0.0
0.0
0.0
0.0
26.5685646201612
-0.07909840382102055
0.0
0.0
0.0
0.0
0.0
0.0
0.0
0.0
0.0
0.0
0.0
0.0
0.0
53.726387171780424
17.640145348881756
41.95457134503692
66.58056319794484
7.2139953028833865
17.312951657663152
69.62842777435058
41.88722376899583
5.405221282289608
34.599973438058036
-3.0
6.6735848067197
-1.4883103462006877
53.17718633229336
-4.4126160436619015
-1.9773647161803978
11.595567018974226
0.0
0.0
-4.801345304603627
-0.26162363392942933
17.93069495121894
-0.36644263276261957
0.2172795612759584
-4.8
0.0
2.4283531687844304
26.11934879308704
0.0
0.0
0.0
0.0
0.0
0.0
3.5999999999999996
0.0
0.0
0.0
0.0
0.0
0.0
0.0
0.0
0.0
0.0
0.0
0.0
0.0
0.0
0.0
0.0
0.0
0.0
0.0
0.0
0.0
26.367511110576867
31.466509597309184
15.635503630403688
28.094908642987352
38.11350985546478
26.660974508324433
41.10764972217501
11.798631933237475
19.3061270265432
7.094281526005038
4.164446530464507
5.578730212598162
23.324743935261026
25.52013735406859
0.0
0.3703134142101661
0.0
0.0
0.8739391945474541
0.0
7.131703523029648
0.03628856977137618
0.0
0.0
0.0
0.0
0.0
6.231943301566506
-3.1976424461260136
-1.7999999999999998
-3.5999999999999996
-3.5999999999999996
0.0
0.0
4.827224618620151
-1.9045991390006183
-2.623509412639928
-3.438
0.0
0.0
0.0
-4.056558195269184
0.0
0.0
0.0
0.0
0.0
0.0
0.0
0.0
0.0
0.0
0.0
0.0
0.0
0.0
4.719043721801648
74.62638493385487
7.127863954045255
15.70407561025877
31.524623912823316
38.880058608672236
67.73972304824369
5.376546880675296
16.612603850551746
-2.610163226937448
0.0
50.615359084297616
49.415172933735114
48.39723524123043
-0.8679226145065169
-6.456401122687931
-5.2860000000000005
0.0
6.333191258578467
-3.0
11.195965785479096
-0.10576076082899366
8.596292138192847
0.0
0.0
17.985019750728608
18.70686443434646
0.0
-4.8
0.0
-1.0172199000000002
0.0
0.0
0.0
31.0903027508255
-2.76816
0.0
-9.588
0.0
0.0
0.0
12.295562175442296
0.0
0.0
0.0
0.0
0.0
0.0
0.0
0.0
0.0
0.0
0.0
0.0
0.0
0.0
20.33437062671575
36.801538027680834
44.57315137092429
39.02322129651984
39.88241546859813
48.21070130941946
60.39278250137393
15.702063135596777
0.0
0.0
4.556976348350101
23.650096208819775
10.837553587170376
62.31437332854591
1.5054103504205822
-2.1955751843275304
1.1180968704755596
-1.8058995296619853
-1.7999999999999998
0.0
10.14677004275165
-5.126726572764254
-2.98169585703319
0.0
0.0
-3.0
0.0
18.170270932920026
8.709689862753551
10.512123510336355
6.579243117242081
16.22836884615575
0.0
0.0
35.238434295973995
1.8143652412585265
0.0
0.0
-0.8786283492109163
0.0
1.1291399999999998
52.79980388941872
0.0
0.0
0.0
-1.638
0.0
0.0
2.4
0.0
0.0
0.0
0.0
0.0
0.0
0.0
60.52079915405073
9.995392102380253
56.64752484356288
40.436363433454815
26.11066001901263
1.3993957272191215
63.25557128886324
52.82951785563928
5.430217437285961
12.874633423039027
16.319174860852872
0.0
3.994902212057842
47.27243609309406
21.57919546236145
5.2522241741335005
0.0
2.187
0.10300232892958103
2.826382774837592
27.499831277543983
-1.1524557353399996
2.860216918595686
25.513342062477996
0.0
0.0
21.197294145478416
0.5582257673025195
0.0
0.0
0.0
0.0
0.0
-5.751689287866964
-0.3354992912052821
0.0
0.0
0.0
0.0
0.0
0.0
14.136819141328626
0.0
0.0
0.0
0.0
0.0
0.0
0.0
0.0
0.0
0.0
0.0
0.0
0.0
0.0
11.549462426191576
28.867076969570036
8.303711836394074
29.858827748243638
30.93708450607975
16.267901240500514
34.241910771851565
9.55233909811384
0.0
9.419352824343829
7.3355428895186625
8.353012816641533
2.0213868769052956
14.479323377109711
-3.3469177944326542
4.234140721694327
-5.962875692228743
0.0
8.419944149626398
-6.664625672197624
0.0
-1.9323359308832135
2.586328154830099
-3.970532352025036
0.0
0.0
0.0
-4.8
0.0
0.0
3.089651656208608
0.0
0.0
0.0
6.28974
-1.7999999999999998
4.299219843178719
0.0
0.0
0.0
-3.3857399999999997
-4.469989528669782
0.0
0.0
0.0
0.0
0.0
0.0
-3.639210642341746
0.0
0.0
0.0
0.0
0.0
0.0
0.0
17.78681925819
59.63600299555755
8.44375278882337
16.9567599432131
34.35409405638107
25.648912835313798
34.19418820174604
0.0
47.28330181291034
11.083616913939146
0.0
46.2301400777336
46.9488965474457
32.73564825988581
2.4935896441004624
21.626959620187833
0.0
-3.0344567215083806
-5.527537936196979
4.041096201218378
5.635571842408571
-1.7999999999999998
0.0
-1.9006423128533931
0.0
14.866069464935332
0.0
5.504962388868944
-2.245887897166464
0.0
0.0
9.397179773269459
0.0
0.0
-4.815629448707291
-1.5701613917063497
0.0
-3.0
0.0
0.0
0.0
17.673135730501592
0.0
0.0
0.0
0.0
0.0
0.0
0.0
0.0
0.0
0.0
0.0
0.0
0.0
0.0
34.8661113709972
38.387972399088014
40.351715419688475
28.20322764047226
24.40639370508833
20.518651309307437
38.854269302877064
9.905012225635925
25.030405272459507
25.776952613654743
23.691027029561354
8.235266574120168
3.7886931556761714
30.24682038126527
10.194259752214483
3.73302606900729
-0.9015581250061271
0.0
-1.399103017642191
0.14787731295277098
0.0
-5.005402808783705
10.531099107715995
-4.738525417336672
0.0
0.0
0.0
0.0
0.2967951843244183
0.0
6.234733999882291
-5.888021925906524
0.9605274736837852
15.451532328621342
9.531473709896092
0.0
0.0
0.0
0.0
0.0
0.0
15.759614752296315
0.0
0.0
0.0
0.0
0.0
0.0
3.596546874497249
0.0
0.0
0.0
0.0
0.0
0.0
3.603487385528554
34.22103334211606
29.547338750610418
28.439760463776313
28.254532365920777
18.503089413812024
21.36872971840162
30.271532006530386
25.254497166434138
6.3434308649421105
31.383647432295184
31.893591209947584
26.92982759773421
11.155395111204808
29.86755128980239
6.5508696168093925
6.801601983387624
0.746920825933019
7.273462644583295
4.251805875461521
4.437217213281255
4.81554656543133
9.682770739142587
6.254112271316004
-1.108774791652205
40.7866030311481
-1.4637166343423602
4.728582590895501
-2.146452374607784
0.1906266824793592
1.8190083993062887
-0.7778769253133043
21.564346379265697
14.48227459992777
21.0020981585654
8.088977180123212
-0.34608797699569466
-1.7405387109918675
2.1769241589370316
0.0
-1.3725737461534706
2.212913962315814
20.503978040952795
0.0
-1.1336207965361595
0.0
0.0
-3.134772322150254
-7.326736351149065
1.0400611428597708
0.0
0.0
0.0
0.0
-5.017682540288859
0.0
-1.311863207469973
16.21943587630568
21.7454228402007
19.793668731420205
26.14564014809353
13.406094503416574
19.160530131497385
18.933459286937158
9.966052081191867
7.946655539099344
9.845439090187105
1.9936024786908835
8.442860475063593
9.452864030396817
14.51780769458719
15.848564261922998
-1.4892642546663533
13.847155544182687
12.004301640153482
11.728901791991674
7.193777434640872
17.092451417449475
-5.676838391797997
-0.6120983760963501
9.557592641591604
-6.013881584410318
-11.721945248686879
10.196808308936994
-5.9300607476600495
-6.568984648172386
8.821607263079654
-2.4669156215307932
6.278614505204306
0.27868360471011355
4.867813484672009
4.36957696811994
-8.795492323279326
-4.711530168721195
-3.415200471388419
-2.346639688406338
-6.6
-0.3568955437413597
7.084778271239121
0.4920802349672365
-1.4650801372088393
-2.867138336558846
0.6134095204144422
-5.9497264845327695
-1.5527777625569257
-3.2773379677269565
0.0
0.0
0.0
-5.252956587386095
0.0
-2.252956587386095
3.7076469744472393
37.24802178361296
44.13192742360937
22.555312357176554
25.60600193420547
25.673241207391104
21.731481972731668
33.654907539266354
16.612482993243542
27.702019227984824
16.365726959710802
3.990906902268942
26.56904539125275
25.9174267648771
30.59973208733758
2.6425246203928503
0.5831802515701163
8.126356243446732
4.398245847766717
10.054413366345461
6.149476667379055
10.159780350040535
-3.5640079686514667
7.6152866530795364
6.898014334457781
-3.3199659635230407
24.534068228374444
17.70153935734289
-4.194088805710549
9.565669099312611
14.865846476545602
20.3225354216005
6.416544927783199
9.517689157234436
8.968031081635234
9.687778327891209
-1.4654448647277447
0.0
-5.309340800858161
6.005557939372008
0.0
0.0
-5.349555845425314
-1.0507701125473123
0.0
-3.7778951148324573
-1.8852304712994028
0.0
-4.026367315549296
-4.2166356837351255
-0.4900000104751123
0.0
-5.1
-4.217392620236373
0.0
0.0
1.1459483252075038
18.166604854646526
13.15187490361766
32.56961884137217
31.589068774579037
31.39911067639501
31.0318776354876
31.998230750424415
13.993522136572523
27.562979831843553
13.855899795773317
9.031965948846235
31.295909580722235
16.200781022680356
29.854150812791424
2.377033500468693
12.377565998600662
5.11103550096451
8.06336055809106
12.544024422123378
10.742853161018408
8.001924286759285
2.3329460111390343
-0.7503103924967576
-0.8643561825495483
10.603700777533852
8.091740843247788
10.420963392154965
7.0655524998093915
0.19170704010614661
0.6184140788734545
-0.8564080566268748
12.711124520001475
3.748904152687582
2.565801632511624
3.9010510661951363
-3.1687951248670205
1.312360636288311
4.648027894913536
-7.930608530736629
-3.707401727854382
-6.500635633420622
-2.4629861972231044
-7.633504808303826
-3.940986694247819
-6.999189271596008
-3.9446949378868466
-4.946599987897065
-4.665061789081191
-2.352572726725323
-9.9084
-9.594
-5.993566946061073
-4.8
-9.633833616717729
-6.99807643680276
-7.728791936352246
