-3.414972878960053
2.310209492277422
1.1532257566712882
-0.9576834325643748
8.655320022458792
15.350035904214803
7.213098786737607
7.880887613236149
3.0755025299425123
-1.3950339711858644
-4.490740132427862
6.485913306301822
8.164322501662232
7.153196183187771
0.0
0.0
0.6812217369961537
0.0
0.0
0.0
0.0
0.0
-0.7157249420092723
0.0
0.0
-1.1059299895628254
-3.1231988256233683
0.0
0.0
0.0
0.0
0.0
0.0
0.0
0.0
-7.68
0.0
0.0
-7.621440229617494
0.0
0.0
-4.800000000000001
0.0
0.0
0.0
0.0
0.0
0.0
0.0
0.0
0.0
0.0
0.0
0.0
0.0
0.0
4.650631099972641
4.665250381394825
13.259508129795485
12.695481894207585
12.602642101536546
11.805652669623097
0.3844936756368851
-1.3682363295587043
-0.6846673502567078
4.113281491849516
5.605396748872035
12.760298137206183
25.0411876046887
0.2080153279804117
0.0
-0.28144053611733566
-4.627191631697206
-0.6056582898900034
-7.175632711196094
0.0
7.598777867307362
-5.760000000000001
-7.040000000000001
0.0
-6.699199784918186
-0.3371222025453955
-2.4000000000000004
-3.0415209581878027
-2.520836684948913
0.0
0.0
0.0
0.0
-0.03455600929419909
5.957425018747454
0.0
-3.2
0.0
0.0
0.0
0.0
0.0
0.0
0.0
0.0
0.0
0.0
0.0
0.0
0.0
0.0
0.0
0.0
0.0
0.0
0.0
2.9670906158794437
0.710505992384582
-2.014028987127484
11.592127384807704
-7.157567232692316
0.4307149443205023
6.809235327571571
3.2059275329417294
-7.144305692124256
1.0002655899462198
9.95019341508246
4.514357364918712
-1.2099153223563195
20.356337903594238
-2.7876828160000002
0.0
-0.44002719684492364
6.811124369252585
0.0
0.0
2.5347620219503417
-3.5111463353028873
-5.5200000000000005
-2.8208
-0.849748710361669
-2.4000000000000004
0.0
-3.2
0.0
-0.7821826273226496
-1.9524960461447556
0.0
0.0
0.7252579582081955
0.0
0.9516654088618173
-8.486229997138217
-6.2016264158748164
-3.2
-3.2
-3.2
-4.941280000000001
5.4
0.0
0.0
0.0
0.0
0.0
-2.0
0.0
0.0
0.0
0.0
0.0
0.0
0.0
3.1750570269045006
11.05258928330915
2.5570296654219566
5.895961182812006
7.807930295371833
11.906721232798128
22.74851563998066
2.85998037222416
-0.036731189910602424
3.4000000000000004
14.742295407375527
-8.649183099044738
5.548064720627616
27.502109342857363
-2.0
-8.752819416495761
-2.0881419364230283
-4.0
3.445531663073411
3.172550257041167
2.416626490928789
-3.2757249420092722
0.0
0.0
0.0
0.0
-5.2
-4.518400000000001
0.0
0.19439367591308912
-3.899963483947198
0.0
-0.17010033786686035
0.0
0.0
-1.9524960461447556
0.0
0.0
-6.586990923730034
3.41584357891775
0.0
0.14197731995874818
0.0
0.0
0.0
0.0
0.0
0.0
0.0
0.0
0.0
0.0
0.0
0.0
0.0
0.0
9.440273019236614
0.47195266912141204
2.671246277303093
7.413891673450356
0.3890124581543972
-1.0193013677936902
14.378975901392067
8.419453687540322
3.2844294995162904
6.449351433727525
7.727285336575459
7.510998202665768
2.9198844213924544
18.32891528445733
-1.3159999999999998
0.6052152474200609
0.0
1.6857711032170148
21.4914666304373
8.564327652449686
26.97494261268687
0.0
0.3914231190226577
0.0
0.0
2.035003512999606
13.465716911157063
20.490034614988506
1.5268188986428233
4.603401119587525
-2.425813623014947
0.6000000000000001
0.3880210145703211
-2.469681329683742
13.081052012309282
-1.7750133055296022
-2.7879528106892066
6.001362954787215
4.666159318666627
-5.6000000000000005
-0.6740838745774189
25.390196588686738
0.0
0.0
0.0
0.0
0.0
2.1143918518079086
4.205263977238474
0.0
0.0
0.0
0.0
0.0
0.0
0.0
10.49872030245106
1.562453877071952
13.369561342774833
11.15301193926889
12.004902506319826
19.235780176659357
34.6946315679606
2.5421694316928902
5.121142725230814
-5.423132890634193
7.857894684636882
7.376244308634492
9.46073968947193
13.041430088624033
8.977282349068185
6.797260341212531
2.2795342792469757
7.196884524182885
16.09495846539335
4.216361971073409
25.77261462323353
0.0
0.0
2.7739056474087618
3.5646480894465595
0.0
7.230974297050477
27.214551039177366
0.6347493076637837
1.286899988115449
0.7251068006894581
0.6293432001599149
5.684369870386715
-5.042253127660734
1.1918615134372816
-2.4802507255581627
-3.6080000000000014
0.0
1.3781716866535139
0.8164586175690305
1.3788655143842852
-7.294924027677198
-4.800000000000001
-2.0
0.0
0.0
-0.4172923474771282
-2.0
-4.0
-5.2
-8.768
1.8
-8.576
0.0
0.0
-4.880000000000001
2.919553448629789
9.518123543690013
5.2046207146761105
7.550818519146478
11.305786565981181
10.617993017661469
8.358781744639138
-0.6632268334014051
10.40750888143495
1.8855088502075668
-7.38096271145121
-3.123610026757867
5.591621973745459
14.888383659631646
6.228641597088563
0.0
2.3890437487588136
2.6994413645410296
3.264412108109976
4.333560576
18.88073435622511
-2.3488
0.0
-2.546427384380034
-2.777230900309191
-3.9783795171683427
0.0
17.847413151770763
-6.08
0.2800121404412117
1.7127588353279601
-4.64440089923621
-1.7520330198435197
-1.428
-2.0
-6.352288572043278
1.1543918518079082
-3.0604744170507527
0.0
0.0
8.200060982744315
2.210846954384742
-1.5524960461447557
0.0
0.0
0.0
0.0
0.0
-2.0
-3.2
0.0
-5.760000000000001
0.0
0.0
0.0
-2.4000000000000004
11.36423585943196
6.01406620273602
10.354084500715825
13.995039831148208
14.095358739115532
16.82473849518684
11.148787788842224
-0.059469841094180076
7.684146078414046
4.786381880468181
4.970510862593622
-2.663948112786237
-1.065823933082692
15.5158790296867
15.877735891094128
-3.9200000000000004
-3.3524658069984548
-0.8287636523264726
10.25900697165424
-5.315620443037143
24.407165852195224
3.7792986868639042
-1.167962802339611
0.0
0.0
-5.570156764589163
0.0
7.959669271658947
-0.2548841816802546
0.0
2.725236127896012
-2.8190987750839858
2.448925488033689
-3.6032404386269423
7.01884386302744
-3.041894086971295
-2.588
0.0
0.0
1.5826491646630267
0.0
10.657249757755036
0.0
0.0
0.0
0.0
0.0
0.0
0.0
0.0
0.0
0.0
0.0
0.0
0.0
0.0
15.55310662718696
4.962080112745646
9.196088851957443
9.802589317570922
2.817721325224975
5.940393302099948
27.249608558542253
11.61434624696323
-1.8723607169694092
17.620544509450095
10.992697266169728
3.134091670964169
4.590685888443776
22.945832074522247
-1.8883478892702372
1.5238109860486233
0.0
0.0
-1.4728913563516257
0.6082211682905498
11.269462145538071
0.0
-9.412626167430506
-0.22955688521902817
0.0
-1.391863752453783
-5.649599168863265
4.172259797900402
1.6907784004972102
0.2069566348545934
3.6297754891667884
-7.459619640643894
1.0542599448634673
-0.3823788216000026
2.7190137231151548
1.0202004948525687
-2.5846421702981983
2.859242628902636
0.0
-3.2
0.653359588050022
4.527997139365241
0.0
-6.593032398685843
0.0
0.0
0.0
-0.41951596101107835
11.658425034282008
0.0
3.166246847496997
0.0
0.0
-6.96
-0.8289928303231475
-0.9992623625139312
3.3336130481007635
3.584463939033082
7.640129199197524
12.862038770558932
9.934832493907914
-1.804271754805159
12.843025076825946
3.2849213434164075
7.01346056048008
8.451562288211438
2.1809238054736744
1.8053263471868577
5.887556255597939
8.893806789341799
2.133995180481914
0.9699836550521268
-8.024936212903514
-5.830712141785419
-7.503056700359025
1.3919301234621155
15.794969702979468
-3.2177595912452785
-1.3086220977204315
-0.4190208331213647
2.5489958865325533
-2.021735627594027
-5.214778551879425
2.178554952015885
-1.1790708552795364
0.07200000000000001
-1.9353552057605685
0.0
-2.183759346345404
-6.557489683210779
0.3780322370558573
-4.720000000000001
1.968675972339172
0.0
-2.2965208914011863
0.0
-5.960000000000001
-4.019545024022621
-3.2
-3.2
0.0
0.0
-2.0
0.0
0.0
-5.760000000000001
-7.288615115513906
0.0
-6.102203441011934
0.0
0.0
0.0
7.045697229201194
11.926325709178466
2.4944427865226126
9.590257971175227
19.73897889689347
16.86493428434077
17.606510078061756
-2.9281920012666083
6.861178853543463
0.8454820687617994
3.0574827024350375
15.160872743584585
-2.7906697361490367
12.069632784499522
-0.36374814144711004
2.6915762112466086
-4.8189285515493525
-6.847413918452391
1.0675567917822713
1.4535803182804161
14.48305235035812
-3.836881508205276
0.6693967304683679
-0.7783298241184315
-4.136567845874724
0.0
0.0
2.2633030319685403
-6.317104607780028
7.723210607889975
-8.268232706171862
-6.000778521586322
1.429127028878243
-1.977701577332254
5.945271953879661
0.0
1.4799090587336963
-4.72564106881302
0.0
1.7005437616951333
0.6384096
-3.6413090405281237
-1.132832
0.0
0.0
0.0
0.0
0.0
4.98274613619045
0.0
0.0
-2.0
-4.852832
0.0
0.0
0.8320000000000001
8.261512356602218
11.777418946148629
4.982064392614443
1.5247765461968088
4.269939850548891
1.3818629738719053
14.07583131044316
-0.028889210056597392
4.935114209693164
2.3887360512162923
-5.6547978228994635
0.9684021371369965
0.8635365879249224
9.340161716911734
-0.22958035711506086
-3.581892863005106
-0.008421359182401833
2.3198782565759486
-7.384114335056705
-3.9024740564962572
12.528793276617563
-1.4364940674845905
2.1607775452384756
2.214306200300109
2.4184432776035183
0.6959170126394272
-2.2427561872023225
1.8043410273332912
-5.726081647915715
-0.16845612511289
-4.477234976749637
-0.7211728545047573
-4.501334399530418
-6.902290317551557
2.3048709937771585
-3.5960311080298677
-4.982883374267136
-5.2483508716234715
-4.504644453299018
-6.187175201294524
1.3089032434502696
-0.1436759276924655
-1.2000000000000002
-2.8396416
0.0
0.0
0.0
0.0
2.7240499200000006
-1.9280000000000002
0.0
0.0
0.0
0.0
0.0
3.2086941513907794
17.744773316983924
2.2309106651200716
10.354067648312704
11.55936000688676
1.707614246395983
-6.812133866878985
11.308113793001578
8.094631676139949
0.02634365852919472
6.112731664965057
4.909358311140565
-1.252319636196147
0.4640614358617378
9.160244687530303
0.41981617329881127
-2.4663954051490586
0.0
-3.2
-11.312288280565099
0.8129005791003782
5.234862317465385
1.4741167894202414
-2.6288092691459046
0.0
-3.2
-0.7441685864328441
-3.812336119287783
2.638899007836561
-0.968410314766412
-0.059384118462246394
-1.5151270776308472
5.083899014286478
-1.5324088103663844
-0.08131400867178573
-2.2412330623426246
0.6129489904027129
-2.0
0.0
0.0
-2.900786675106536
0.3132166364041913
0.0
0.0
0.0
0.0
0.0
0.0
2.3665358151998936
-2.8142489184769066
0.0
0.0
0.0
0.0
-1.2000000000000002
0.0
0.1904737431909431
3.134376018417523
10.040455117738802
1.750102989624806
15.81507957778284
3.5247023120011174
3.511923227757829
10.023827068833906
3.4853261267361426
-1.3890288318345307
2.885491920072065
3.4609663654583462
1.7560128595344477
-0.6769972952346892
2.025814890228174
-7.4065967210922885
-1.25452702898421
-5.533827573394056
-3.5138221192895505
-4.617775319218991
-5.185046241659205
-0.8420484552341756
-2.6679436442357787
-4.666691928471072
-8.783916119524969
-2.789642902411941
-5.160736823212276
-2.6237867625020606
-0.6447122648034185
-3.618527711748966
0.999320503305575
-5.155625638473443
-3.168887801849607
3.194920946292672
-3.8785712437592244
-5.974067336211552
-7.053622479586931
1.2634742807996144
-1.0252205155831757
-9.36616762471209
2.8710661586130013
0.0
0.34506032153735167
-3.2
0.0
0.0
0.0
0.0
0.0
-5.370311313698622
-3.4671051894427074
0.0
0.0
0.0
0.0
0.0
0.0
0.5006988389131357
9.478487092365194
-8.739912170479375
-2.0723414575973456
7.585239423757645
10.614841803565302
10.29234347046841
-7.5948997005405765
11.168363343857397
1.8728151385728973
-0.8638797402317344
10.695408861808712
4.607924176060335
10.916032030558014
-1.425140585696149
0.6963992289386771
4.587043111956623
-6.098058324229379
9.436565705218865
5.331722032771207
4.474496353686975
-8.09345849104239
0.0
-3.3784536303797044
-9.645083423219813
0.0
0.0
2.207949840302284
-0.672
5.911247979467037
2.524078744854607
-0.18842173480703406
0.72382526470457
3.4865244576251766
4.396832232586669
-1.7120000000000002
-1.7802488720778964
-5.203300017671262
-3.2
5.118395691105962
-2.441759665746415
-2.0514203497372963
-9.1561024
0.0
0.0
-1.784
0.0
0.0
1.4951959425821943
-1.2000000000000002
0.0
-3.2
0.0
0.0
0.0
-1.557084699634693
-1.1437757659374976
-0.16134159227436173
2.4997877731032574
-2.3850443664736933
-0.7568798171058783
-1.869942176620334
0.036786027318269465
1.8953360898792286
1.5379360179262882
2.7187889280756923
4.434885152857352
2.9638085522634023
4.196811637481947
6.218471634241887
-3.1615871851262183
-5.2927690719910245
1.7545477961186107
-12.112003351629005
-4.289322841934664
-7.718669357101897
0.38557368932837766
-2.49488097991948
-3.0131831942626355
-2.9360372596233675
-6.960000000000001
-8.825862663025898
-2.7162221146027266
-3.180627764916594
-8.229131099578519
-8.608669813669582
-10.060483455617677
-6.606252461293348
-7.875482672277204
-6.21175506727702
-5.667027810806205
-3.8813322662345824
-8.609926685247936
0.9579352907093344
-2.262396296977834
0.0
-4.0
-3.406368334974747
-2.7923172721354406
0.0
-1.2000000000000002
-3.2
0.0
0.0
-0.262310604632112
-4.721737916918247
-6.16
0.0
0.0
-1.2000000000000002
0.0
-1.4000000000000001
14.874391192404794
0.775670716405696
9.132158780560411
7.6496774995325305
-2.827935153483977
-3.029477573907255
13.967962638132619
3.136225295764452
-5.265967422427659
1.7344166403634236
4.228054297379718
-1.267189181402041
-1.7728657724362824
4.947579105186316
1.027214619780866
0.2275533330921118
3.9858865030702946
1.3272972991510896
-2.45952366856619
-3.112361470846134
5.071965714156885
0.0
-4.464215234519705
0.0
0.0
-2.258336547481075
0.0
-2.4327799130120025
-1.193133792
-3.2754340305332073
0.37233984277132726
3.4338040286963647
0.0
1.8204875614761793
3.150440473715184
-2.4375963662952413
-0.7669809098653487
1.9245292894873391
0.0
0.0
-3.966980909865349
-1.4199522720956588
0.0
-2.005729813362363
0.0
0.0
0.0
0.0
-1.044598358799286
0.0
0.0
0.0
0.0
0.0
-1.3477849736028331
-4.891213179129676
0.8761660673646159
-1.1169756638010584
1.653725897202756
-4.374296342726085
-0.41234159915897006
1.9969487664620225
1.2931579203764265
0.4048082470571534
0.5576484249399503
2.7854726056398285
0.25141323413547767
2.969313464084898
1.0130243985293577
1.070836105579817
-7.967099893526319
-9.709693473722401
-0.12677027474096647
-3.5173746367532526
-2.591778460147019
-3.2888364446947587
-4.216416286781953
-5.3986448422338595
-2.4744927177384586
-3.1465789766762478
-5.985592608797681
-5.865760214133196
-3.489363169108864
-2.667903225614583
-5.53062433077922
-2.0489213391770753
-1.8013385864373437
-3.162839775737123
-2.2835534780811573
-2.5369744108564642
-2.470828461112628
0.0
-1.2000000000000002
-0.21258031013761505
0.0
-0.08061458055691846
-5.340543243144823
-0.17587734967690904
-4.8
-3.8940592971253762
-5.75686639689815
-2.884240945558722
0.0
0.0
0.0
-4.237776168680934
0.0
-3.6
-2.4000000000000004
0.0
-3.2
-5.28
-7.90530158967712
6.07208813332521
-0.20851139004873756
-5.1969934288888915
6.677453002225665
7.137680009441189
8.90207236166418
-2.0
9.379689184814588
-3.0084161540629335
-1.2805996207361736
3.589216720692904
0.7208059382010177
0.6122083300722005
-6.434016894298161
2.948548898169437
-4.291357701277162
-2.9088004495009567
2.987321909186686
0.0
6.057397573272198
-2.4000000000000004
0.0
-3.9287667531394925
-3.972212286169535
0.0
0.0
-4.220662424885273
-7.7
-0.6400067459468639
0.0
0.0
1.849862672999883
1.1587422394547222
-6.503154197072571
-5.036363374695401
0.6436595251747604
-3.2
0.0
1.0256372852322764
0.43283232347300643
-4.270571257178624
-2.8
0.0
0.0
-5.36
0.0
0.0
0.827574402372532
-0.9579434963736424
0.0
0.0
0.0
0.0
0.0
-1.87142639689815
-1.1718643839371992
-1.6653132891829774
-0.9991026219869954
-3.1523050161642168
-1.4774190230961126
-0.271255329506595
-0.17303417523239367
0.14917242841679834
-0.3510162499383318
0.09411079812289683
-0.1865298509147364
-0.2614401382880027
0.0
3.6428679929932644
-3.4884577557888714
-5.047647557688034
-8.788606862247388
-5.471894209436521
-7.436214600681578
-2.0767335146900967
-2.0704858719418833
-5.760000000000001
-4.811911513051993
0.0
-5.58268034278816
0.0
-1.6033728160289893
-3.564217416261938
-4.698345943393971
-4.110815540777346
-2.1265469652169924
-5.682414313563193
-5.2658983627520035
-6.158900206823318
-2.149633941162026
-0.8701930994055083
-4.619161894337616
-1.2984682649272368
-7.861067387502569
-2.431077582885027
-7.711992615397793
-4.49138237343194
-4.94915871467269
-2.7238116951254137
-5.1
-2.218868889548935
0.0
-4.444702675837434
-3.1965640089600003
-6.01861579055104
0.0
0.0
0.34113111045106503
0.0
0.0
-2.52
7.412958240180018
-4.618609662560217
4.32089383470284
3.8019041057355265
-4.174513378824937
-1.1794964359651332
6.415683289710971
2.4399895613228035
-0.015172357608087748
4.334239013175933
1.7444806278493439
0.0
0.0
-1.4357859123227343
0.0
-0.7633917006977917
2.672186418468626
0.0
-2.2848877522926845
0.9600847148870516
0.1396046373132106
0.0
-1.4357399173259178
0.48655647081522546
0.0
-3.885021732808403
-0.7341097229084994
-3.4574419318586918
-1.4743647388851313
-2.523979003261511
1.9876493401553943
2.166578157989312
0.0
0.0
-5.101682899968186
-1.2000000000000002
0.0
-0.12288316925446119
0.0
0.0
0.0
0.0
0.0
0.0
0.0
0.0
0.0
0.7438164938946831
0.0
0.0
0.0
0.0
0.0
0.0
0.0
0.0
0.26359841053933536
-0.9323764191787676
2.7017244008427195
1.226968181521039
4.107656551778843
-2.99186002372216
-0.5242196372540389
0.0
0.8596863266591817
2.0346081600262784
-2.33377053119527
0.35078100183104
0.0
0.0
-7.17213785112795
-3.478677777231978
-5.048254249368519
-5.032074329726923
-2.2908569228847155
-6.760080572630248
-6.9933890523572675
0.0
0.0
0.0
0.0
0.0
0.0
-0.5381002935578011
-7.1019038519966715
-0.4835395838598333
-5.8043409219575
0.10771092817875001
0.0
-2.5430064446756475
-3.48252447744
0.0
0.0
-0.2670177922733816
0.0
0.0
-1.037498652594414
0.0
0.0
0.0
-4.0
0.0
0.0
0.0
0.0
0.0
0.0
0.0
0.0
0.0
0.0
0.0
-3.4385666982823526
4.990297232883338
-1.0273728813051362
-6.215331405324452
1.1077019760097349
3.572686464661713
1.9015521971309073
-1.2000000000000002
1.7583176640357006
0.0
0.0
0.09525824385907367
1.182402884440749
-1.2695030382850092
-0.2659070973393187
1.9211107824915852
-1.247612794986079
-2.851095326524479
0.0
-3.7095592313625065
1.2231110779943861
-2.0
1.831972739143365
-3.0072731727130404
-4.41140860914684
0.0
0.0
-1.2877480191876907
-2.0
1.5998491886001893
-0.8692940243474049
0.0
0.0
2.772144153627462
0.0
0.0
0.24
0.0
0.0
0.0
0.0
0.0
-2.675230763580854
0.0
-1.6136264902446724
-2.0
0.0
0.0
-2.1317853891341607
-6.960000000000001
-5.760000000000001
-4.720000000000001
-3.2
0.0
0.0
0.0
-1.8025024545923019
-3.1044239662311535
-0.2926143894508131
-1.6020446534112533
-4.032986726317171
-0.4821982384015792
-0.8741076878568838
0.6094416573258934
0.27028882483200006
0.0
5.06153947839598
1.8879014613497118
-1.2000000000000002
0.030704496952818516
-10.041325231393065
-5.74084613366072
-5.2529005536442295
-4.075828092477802
-6.715011648993808
-3.5981633803889768
-4.476343731098007
-1.2000000000000002
-3.9376685536442295
-4.387934483968
0.0
0.0
-1.1596431666523348
-3.598594662857852
-6.8683888385780945
-0.8904077491362783
-4.355356624720114
-4.115331520018431
-3.510666933744985
-3.551410417664
-2.89541952
-0.1043502385575727
0.0
0.0
0.39128205064593446
0.015415623065236687
0.0
0.0
-3.6
-6.380000000000001
-3.731785389134161
-1.6
-2.6045955021961715
-2.3200000000000003
-2.58571284059627
-10.0184
-3.2
-3.2
-7.808
0.0
0.0
-3.2
5.186177514986921
0.0
-0.3646430143741445
-1.1182486244607952
0.3697228800000001
0.0
1.1760575379939313
-2.200874634777567
0.0
0.0
0.0
0.0
0.0
0.0
0.0
-4.880000000000001
0.0
0.0
0.014296143001181316
-6.207805288879992
-4.936481193701667
0.0
0.0
0.0
0.0
0.0
-3.3600000000000003
0.0
2.988582121970334
0.0
0.0
0.0
0.0
0.0
0.0
0.0
0.0
0.0
0.0
0.0
-1.4000000000000001
0.0
0.0
0.0
0.0
0.0
0.0
0.0
0.0
0.0
0.0
0.0
0.0
0.0
0.0
0.0
-1.588346673046259
-1.367262086314194
-4.321900567502523
-3.116611530267715
-0.7959209047155897
-4.960000000000001
-1.6836178199176615
0.0
-2.0
-1.2000000000000002
0.0
0.0
-0.03839275493160649
-1.7735584289311648
-4.2016
-6.4079397785860515
-2.541338629400034
-2.5359447268435
-6.209824689362999
-1.6992440748453497
-1.8272440748453498
0.0
0.0
0.0
0.0
0.0
0.0
-2.216
-4.349670145234521
-4.140479191804609
-4.052918070227269
-4.150010704352299
-8.625054113084143
-4.842641609446726
-2.8033997922692686
-0.2
0.0
0.0
0.0
-0.03839275493160649
0.20554448780804313
0.0
-1.96
-6.612043290467314
0.0
-3.6
-4.0
0.0
-4.5600000000000005
-4.7
0.0
0.0
0.0
0.0
0.0
0.0
-5.2142897532426975
1.727504568504798
0.0
0.6000000000000001
2.3413685515406555
0.2918531585044638
0.9736573119567824
-1.6
1.3469393820720736
0.0
0.0
2.241567785994655
0.0
0.0
-1.1542385378863451
0.3194003792638264
-1.8
-1.9716682007129092
0.0
0.0
-4.182507931732511
0.0
0.0
0.0
0.0
0.0
0.3194003792638264
0.0
-2.8
0.48344476797136743
0.0
0.0
-1.360437798196966
0.06640107443125288
-2.8803374156140924
-2.0
0.0
0.0
0.0
0.0
0.0
-2.4000000000000004
0.0
0.0
0.0
0.0
0.0
0.0
-3.2
0.0
0.0
0.0
0.0
0.0
0.0
0.0
1.5694030882724639
-6.5112034272160715
-6.002945979149852
-5.266290751997801
-2.354809376610656
-0.23731982729110546
-2.2813609056294055
0.0
0.0
-1.0127042935199773
0.0
0.0512146358655088
0.0
0.0
-9.389743136977208
-5.631351436244612
-2.738049491658474
-4.597908694562106
-1.9171855728142413
-2.0
-3.478468606568031
0.0
0.0
0.0
-2.0
0.0
-2.0
-2.3450934031065636
-1.9641532620800002
-3.1265762107490414
-1.2621285008973695
-1.6658700725660895
-0.5885959291426748
-4.9422748291487615
-5.275537957674647
0.3632428800000001
0.0
0.0
-6.5517698816
0.0
-1.5497123520000002
0.0
-5.558867501547811
-4.113816590878514
0.0
-7.173459075879665
0.0
-1.6
-2.0
0.0
0.0
0.0
-2.0
0.0
0.0
-1.9807304711684541
3.506001012370867
0.0
0.0
0.5656821173804228
0.0
0.0
-1.5943731244151986
0.0
0.0
0.0
0.0
0.0
0.0
0.0
0.008065516032000003
-3.481198799625727
0.0
0.0
0.0
0.0
-0.0075596483991092365
0.0
0.0
0.0
0.0
0.0
0.0
0.0
1.3525857944514303
0.0
0.0
0.04751944306428771
0.0
0.0
0.0
0.0
0.0
0.0
0.0
0.0
0.0
0.0
0.0
0.0
0.30433180375157187
0.0
0.0
0.0
0.0
0.0
0.0
0.0
0.0
0.0
0.0
0.0
-2.94912
-3.279070852553114
-2.0
0.7948652100185395
0.0
0.0
0.0
0.0
-2.0
0.0
0.0
-4.0
0.0
0.0
-4.223999999999999
-2.0
-3.2
0.0
-1.3514984995321588
0.0
0.0
0.0
0.0
0.0
-4.0
0.0
0.0
0.0
-2.4192
-0.18192841651437214
-7.10056
-10.272000000000002
-1.4000000000000001
-2.0
-2.0
-1.6
-3.2
-2.0
0.0
-2.56
-1.2000000000000002
0.0
0.0
0.0
0.0
0.0
-3.2
0.0
0.0
-2.4000000000000004
0.0
0.0
0.0
0.0
0.0
0.0
0.0
0.036613019497758616
-2.0
0.0
0.5323223087045943
0.0
0.0
0.0
0.0
0.0
0.0
0.0
0.0
0.0
0.0
0.0
0.0
0.0
0.0563216070567068
0.0
0.0
0.0
0.0
0.0
0.0
0.0
0.0
0.0
-1.6
-0.5631970575735994
-3.2
-1.1065414453008098
0.0
0.10800000000000004
0.0
0.0
0.0
-3.2
0.0
0.0
0.0
0.0
-1.28
0.0
0.0
0.0
0.0
0.0
0.09581801556682698
-4.0
0.0
0.0
0.0
0.0
0.0
0.0
0.48400000000000015
0.0
0.2570465309148152
-5.052335329704709
0.32400000000000007
1.836
-0.643395796929224
0.0
0.0
0.0
0.0
-2.0
0.0
0.0
6.911719273267205E-6
0.0
0.0
0.0
0.0
0.0
-1.5999754249981395
0.0
0.0
0.0
0.0
0.0
0.0
0.0
-6.886338715876803
-0.8943196351470224
-5.919702110722807
-3.55275904
-3.7138167979525676
-2.0
-4.038003251125369
0.0
0.0
-2.0
0.0
0.0
0.0
-2.3565008
-3.6
-3.2
-2.0
0.0
-5.2
0.0
-2.0
-6.960000000000001
-5.760000000000001
-4.800000000000001
0.0
0.0
0.0
0.0
0.6485015004678413
0.0
0.0
0.0
0.0
0.0
0.0
0.0
0.0
0.0
0.0
0.0
0.0
0.0
0.0
0.0
0.0
0.0
0.0
0.0
0.0
0.0
0.0
0.0
0.0
0.0
0.0
0.0
0.0
0.0
0.0
0.0
0.0
0.0
0.0
0.0
0.0
0.0
0.0
0.0
0.0
0.0
0.0
0.0
0.0
0.0
0.0
0.0
0.0
0.0
0.0
0.0
0.0
0.0
0.0
0.0
0.0
-0.5242880000000001
0.0
0.0
0.0
0.0
0.0
0.0
0.0
0.0
0.0
0.0
0.0
0.0
-0.65536
0.0
0.0
0.0
0.0
0.0
0.0
-2.0
0.0
0.0
0.0
0.0
0.0
0.0
-3.2800000000000002
-5.703476803178296
-2.0
0.0
0.0
0.0
-2.0
0.0
0.0
0.0
0.0
0.0
-0.2
0.0
-3.6
-1.2759999999999998
-7.2
0.0
0.0
-2.0
0.0
0.0
0.0
0.0
0.0
0.0
0.0
0.0
0.0
0.0
0.0
0.0
0.0
0.0
0.0
0.0
0.0
0.0
0.0
0.0
0.0
0.0
0.0
0.0
0.0
0.0
0.0
0.0
0.0
0.0
0.0
0.0
0.0
0.0
0.0
0.0
-1.6
0.15199739602093312
-1.578472947483049
0.0
0.0
0.0
0.0
0.0
0.0
0.0
0.0
0.0
0.0
0.0
-1.6
0.0
0.0
0.0
0.0
0.0
-0.36000000000000004
0.0
0.0
0.0
-1.2000000000000002
0.0
0.0
0.0
0.33048000000000005
0.0
0.0
0.0
0.0
-1.2000000000000002
0.0
0.0
0.0
0.0
0.0
0.0
0.0
0.0
0.0
0.0
0.0
0.0
0.0
0.0
0.0
0.0
0.0
0.0
0.0
0.0
0.0
0.0
-3.6
-2.0
0.0
0.0
0.0
0.0
0.0
0.0
0.0
0.0
0.0
0.0
0.0
0.0
0.0
-3.2
0.0
0.0
0.0
0.0
0.0
0.0
0.0
0.0
0.0
0.0
0.0
0.0
0.0
0.0
0.0
0.0
0.0
0.0
0.0
0.0
0.0
0.0
0.0
0.0
0.0
0.0
0.0
0.0
0.0
0.0
0.0
0.0
0.0
0.0
0.0
0.0
0.0
0.0
0.0
0.0
0.0
0.0
0.0
0.0
0.0
0.0
0.0
0.0
0.0
0.0
0.0
0.0
0.0
0.0
0.0
0.0
0.0
0.0
0.0
0.0
0.0
0.0
0.0
0.0
0.0
0.0
0.0
0.0
0.0
0.0
0.0
0.0
0.0
0.0
0.0
0.0
0.0
0.0
0.0
0.0
0.0
0.0
0.0
0.0
0.0
0.0
0.0
0.0
0.0
0.0
0.0
0.0
0.0
0.0
0.0
0.0
0.0
0.0
0.0
0.0
0.0
0.0
0.0
0.0
0.0
0.0
0.0
0.0
0.0
0.0
0.0
0.0
0.0
0.0
0.0
0.0
0.0
0.0
0.0
0.0
0.0
0.0
0.0
0.0
0.0
0.0
0.0
0.0
0.0
0.0
0.0
0.0
0.0
0.0
0.0
0.0
0.0
0.0
0.0
0.0
0.0
0.0
0.0
0.0
0.0
0.0
0.0
0.0
0.0
0.0
0.0
0.0
0.0
0.0
0.0
0.0
0.0
0.0
0.0
0.0
0.0
0.0
0.0
0.0
0.0
0.0
0.0
0.0
0.0
0.0
0.0
0.0
0.0
0.0
0.0
0.0
0.0
0.0
0.0
0.0
0.0
0.0
0.0
0.0
0.0
0.0
0.0
0.0
0.0
0.0
0.0
0.0
0.0
0.0
0.0
0.0
0.0
0.0
0.0
0.0
0.0
0.0
0.0
0.0
0.0
0.0
0.0
0.0
0.0
0.0
0.0
0.0
0.0
0.0
0.0
0.0
0.0
0.0
0.0
0.0
0.0
0.0
0.0
0.0
0.0
0.0
0.0
0.0
0.0
0.0
0.0
0.0
0.0
0.0
0.0
0.0
14.228792068514878
3.912231036227282
17.86152538984883
16.841217717240077
0.7046433701141019
11.013227829833799
37.618556378206236
13.869965862564735
9.758500590988358
21.697288965207363
8.799622224031191
1.8721025321006637
13.927738912617814
52.74336397556189
-4.589102247220522
0.0
-2.4249600000000004
-2.0
0.0
0.0
1.4000000000000001
-5.278841647596931
-1.05024
-3.6
0.0
-0.5334323023001112
1.4462179613224244
-1.8751065723994085
0.0
-4.84681733639512
0.0
0.0
-1.0112546961794842
1.6571947908323559
-5.649913510009209
0.0
0.0
5.663675493871768
0.0
0.0
0.0
0.0
0.0
0.0
0.0
0.0
6.556388985550256
0.0
13.5757252958757
0.0
0.0
0.0
0.0
0.0
0.0
0.0
12.758900588294216
23.163393747763678
15.914206276412425
2.413366539762091
11.841545221668492
26.60235115326686
52.87089561039014
14.12126178061827
19.283370829865323
9.928258506837327
11.439991928067958
19.582231676996827
22.718363386555747
52.38558202710646
1.6258759717717306
-1.8208789713239542
5.717183349725936
-5.52392840997731
0.0
0.0
-0.48091498069858263
3.5023764970514573
0.7072296299541905
4.730890025625907
-2.0445591817632844
-3.2
1.7079545521165658
2.614933133982789
0.0
0.0
0.0
0.0
0.0
0.0
0.0
0.0
-3.2
0.0
0.0
0.0
10.647397681781289
-4.800000000000001
0.0
0.0
0.0
0.0
0.0
0.0
0.0
0.0
0.0
0.0
0.0
0.0
0.0
0.0
12.395528478493786
5.798778931983248
4.810564840265476
1.676199387064023
23.811072890298192
16.76942993884014
55.61643479379212
4.25755005258902
24.736119817283654
9.773621290353304
12.407398222354743
19.672430432739663
21.66339886439408
56.89622940176544
-4.218994653777318
-0.9799116826415583
-4.655885087185542
0.0
-4.458313432138379
1.6404723137837465
-2.0
-1.6947158938855693
-6.6194616071607975
-2.5054194654329116
-2.1445045344751197
0.0
-4.611611083276713
-1.9084188616111795
-2.9576612093091703
0.0
0.0
0.0
0.0
0.0
-6.445473772094563
6.094450503631153
-3.2
-6.559097456939332
-6.59120893546468
-2.553776850323198
0.0
-9.3
0.6268017896782379
0.0
0.0
0.0
0.0
0.0
0.0
-2.0
0.0
0.0
0.0
0.0
0.0
0.0
19.60339480183364
20.819089300408866
4.877894599897257
0.5541668898819077
25.30329543457212
30.0953314277802
30.65075803875267
4.659073007704511
8.26450587597365
10.116630257712764
-0.7764838482416047
-3.6
-0.8228182564313686
25.448173338812598
-0.5664000000000002
-3.6
-3.6
0.0
1.4258410704477098
-1.42894095373259
-1.9677661517519098
-3.7600000000000002
-4.151930540897034
-4.094822944040646
-3.557700381295672
1.4951334276005916
0.0
-1.2000000000000002
0.0
-2.814038666104806
0.0
0.0
1.9015001818525261
4.157906506178215
7.307940966418947
-15.315521896625015
-3.0700680275089183
11.301814574034008
-8.411761314918776
-4.4
-3.5264997673729908
-9.782858695997614
0.0
-0.8436110144497448
0.0
0.0
3.185547959240049
0.0
0.0
0.0
0.0
0.0
0.0
0.0
0.0
0.0
25.03062589460599
15.42830287865663
24.08359880244975
34.53663166781414
8.4963446527115
18.557417020686916
46.90720863883287
27.36113423322931
4.903574294850283
32.84250922515381
24.153743665623317
9.629147833018058
-2.279812821805269
49.697725197524534
0.0
3.7928845034890815
8.441229709833244
0.328537180491951
4.106078882559623
9.746728738377747
19.25870943166605
3.8749788868805206
-1.658881991420231
1.2764248185308318
-1.5919305408970341
0.6869643196922803
-2.54129460038465
12.342665615839866
0.0
-3.877555090054643
0.0
0.0
13.916686894686274
-0.5199677651154005
27.895496273902815
0.0
-2.277350763288751
9.881999408370978
0.0
0.0
-0.3140902340215281
12.057741961618447
0.0
0.0
0.0
0.0
0.0
0.0
8.75891129483452
0.0
0.0
0.0
0.0
0.0
0.0
0.25200000000000006
15.11126267275338
26.269117670239446
22.91581101664087
19.7452671801561
30.01006391890116
19.209593626357712
30.265873068759376
0.0
0.0
7.050647828335288
10.439404392764528
11.449524873827814
20.526767994159034
31.684587733235368
12.260407652023666
5.687001101518968
5.409371268825653
8.726139723857363
13.671666056602577
4.090271722487458
21.129976706688264
7.235837572587572
3.3426944037797637
1.2948416664141598
-1.944344155374758
0.0
7.6722551156415
27.678124846493013
2.102922775766705
4.058970585010246
2.102922775766705
0.06094488851807278
10.47596819822964
6.206162598442485
28.69987812270316
0.0
0.0
0.0
-4.347302148832873
2.5815480884748436
-0.6355508313549212
23.75524970481423
-5.2
0.0
0.0
2.195264458459416
0.0
0.0
-2.0
-3.534054455635821
0.0
0.0
0.0
0.0
0.0
0.0
17.919653338319655
26.444181892068055
16.412486552696503
10.657520778687596
28.020029526774504
28.0478600280819
29.37114121744824
6.843832082025454
26.93105471031204
8.71976626505042
4.784452817818571
10.415545602603512
27.95177261148318
28.04770906198238
5.888786610618305
-0.9047149835189257
-0.7576898409019694
0.5302759210571422
13.660152505592812
4.556388049190983
18.306853277904448
-0.0211375826936393
11.25941733994224
-5.370479198098572
-5.861174170247139
-2.1000216119868496
1.0466050929071475
32.805569490958845
0.5940505178250346
0.0
12.477485273951025
6.739485502517176
-5.464173950657697
0.0
15.088752175526057
4.307222303617137
0.0
-3.2
8.5354208697643
0.0
0.0
28.502102408904538
0.0
0.0
0.0
0.0
0.0
0.0
5.842048
0.0
0.0
0.0
0.0
0.0
0.0
6.871390150441641
14.598398425813137
17.067251644172636
14.774406604196122
17.723437480220273
21.717365578024936
14.087649694693035
23.024870196831458
13.825554284267124
6.067420045100166
0.0
14.841056391342448
1.2633661267709053
4.618715670335941
7.393643611897909
1.3940062294411844
0.17324576771414757
5.863482055766379
1.466567697699889
7.9213392802650535
-1.453869357494118
1.0824697119310902
-3.7600000000000002
-0.5238145628426801
0.8275308382754869
-2.2021224640630317
0.0
10.963187676970758
5.814232708755692
1.559953505101277
0.0
1.7892832906065093
1.184018680879555
-1.1700756568692787
-1.5702769499855282
18.401183968175452
-0.23322220977222088
10.35873710628603
0.0
0.0
0.3629350470150442
2.857192405388059
14.337896714723609
0.0
0.0
0.0
0.0
0.0
0.0
1.0099643422180187
0.0
0.0
0.0
0.0
0.0
0.0
0.0
35.681132633100255
13.1836048120559
26.6525356020336
31.645035516203585
5.771358133052685
5.386167445856614
29.50867447792725
30.36015416289863
2.0471580610282754
11.749483414184247
19.45449144452732
1.573782247058436
4.557512927798904
33.09799895775415
14.826432735856855
2.157471661398003
7.205066170201769
11.923165717604242
5.510615491100058
-4.670781270273077
22.652620341100018
-0.4541850887813639
-3.2
14.710033380998716
4.807888294381394
2.450931627459798
6.491728525062659
3.2385078861868033
0.0
1.193207109082667
2.325475561901118
2.3729571142267107
-3.5544262052792455
2.9239667195669616
8.14356449270564
0.0
-1.5692832592021255
0.0
0.0
4.551436650008103
1.209913470374101
18.35174569642104
0.0
0.0
0.0
0.0
4.171092534979777
0.0
0.0
0.0
0.0
0.0
0.0
0.0
0.0
0.0
12.239394851352769
24.82818580077909
5.920513646761984
5.84115791442069
20.822977953554815
13.395077440300515
21.754890375698356
7.620929216532954
10.787825555622211
4.327959618292048
4.631075100318357
0.0
10.14425087104409
20.19317413603871
7.718935627327275
3.130563626562568
1.3668152815193124
6.2132973433668734
15.02085687536655
3.2127318183002727
13.143461515140714
0.05144518889946568
-5.236173691811702
3.314797579387953
-1.2656082800458819
-1.0740396345440804
6.031495096269835
11.667298953897337
-1.7943870123243926
0.0729859182946071
-3.8452465596930403
1.3861894610133416
-2.4017746614052116
3.530229839079508
5.110577016307854
0.0
-0.9427471664078689
0.6440012847338924
-2.367217365842558
0.0
0.0
13.720728740394527
-4.800000000000001
0.0
-2.035629030010514
-2.0
1.313332017178459
-7.327797334919517
12.146345545239154
-6.960000000000001
-3.2
-2.7680000000000002
-5.547199244406917
0.0
0.0
1.4168132216746574
4.914451377204703
25.282878570028174
5.361848434450756
6.649548158287075
22.461096954993064
22.52060801050168
30.532576088189725
7.805327960158453
22.224772694002137
2.7199473271459724
2.108946803810305
12.133477534513762
19.73451911476403
20.265476115794343
2.1773895806036903
10.163121064521969
-5.2377266697669445
-6.561854405557392
11.561774800114534
12.872906441978765
12.71463087971243
0.0
-1.8186039037724355
0.0
0.55235153741231
3.1681025034385852
2.261887960737878
-1.1689198296283987
-0.8270008122062649
10.171015311631258
-2.965767370590883
7.658163764203169
0.0
3.1784388843035862
16.717635287639105
-6.14628753957577
0.0
3.431676172115537
-5.779628722968787
0.0
0.0
-0.651482019282822
-8.31792
0.0
4.194832552110793
0.0
0.0
0.0
6.818553675776
-1.9280000000000002
0.0
-0.7679999999999999
-1.9280000000000002
0.0
0.0
2.1573758047521974
7.688100853245105
10.895999162311178
14.842309843478436
6.132174456577909
10.023401907613188
9.378942708462542
20.542374437352468
6.579757559215456
4.818547614268209
0.0
-0.7370457781836288
-0.5894213917306704
-8.135931207935716
7.417618676264231
0.26785324991522663
2.3084066688268243
-1.6015168713829375
-2.754530453974369
4.597393545974927
-0.6407974315355014
6.193034606100011
2.2045125158030032
0.8109358717656281
1.2416726585388953
-1.2882309170990422
-1.0443913614418956
-0.9414218100612868
4.063034482079281
-2.436097282397048
0.0014309357428832215
1.0035730198146378
-0.9715280689865515
0.8056268227903671
-4.498623165532183
7.063897552324137
-2.2634070623952023
-3.746854304987397
-0.8289928303231475
-1.4388602135906092
-0.3715507380346509
0.0
4.189824258836627
0.0
0.0
0.0
-2.995555458702425
0.0
0.0
0.0
0.0
0.0
0.0
0.0
0.0
0.0
0.0
27.961568527600225
11.714631232888062
22.947101944843006
20.92970622943015
14.42123345447673
7.514730009254059
24.08713604407717
20.36402095431655
-0.12576931416112602
12.103874022874935
18.10526424342908
10.140765032520308
1.9213725692594825
9.862571342341711
-2.896169581624143
2.1031597850643022
-5.849829757374424
5.093589435467078
3.6199174950505224
-0.3329556569336778
2.3663864855244605
-0.06958551830033954
-2.273283834314469
7.078827605235574
3.383182710832008
1.7686603810217971
-7.952292923762437
3.6136088906013897
0.0
-2.60037520519902
-1.4812556858766723
14.23496197609624
3.2554667732656837
-8.1649846663479
21.517005830472925
4.2808082854136265
-2.043813004321267
0.0
0.0
-1.9002227661390305
-0.15671710683523266
7.056715984315739
0.0
0.0
0.0
-1.5709339906939137
-2.4000000000000004
0.4970398998400829
1.6606581545989476
0.0
0.0
0.0
0.0
-4.925585170688432
0.0
0.7040942368065938
2.451827826628582
10.961062083343343
6.3135316214341985
11.219829190661667
2.6608778670282858
7.421252636002802
14.106807006458515
6.024501353904142
6.604677726520406
-0.4450123284709886
1.6714300510618012
4.461656462853654
6.145297065621719
8.060352492879268
-0.7590199747426083
-2.6117135744491997
-2.8627912811909457
0.14119548012801963
-2.034571229839275
-2.8062865980524876
2.768192445639194
-4.387790724788649
-3.7204684393333487
0.16974847013873995
-2.781717091990605
-3.788235478969957
6.525785820120229
-3.597692114387181
0.6601062227918084
-3.2
-8.207399385724624
-5.068719468968181
-2.65729631970827
3.190030568813637
8.751235420415515
0.0
0.0
1.8372646632873675
-3.845309952637632
0.0
0.02057426583552001
-1.4419348489119646
0.0
0.0
0.0
-4.4
0.0
0.0
0.0
-3.2
0.0
0.0
0.0
0.0
0.0
0.0
5.152938200031679
18.261527300625595
6.9116127396812885
8.416425667243955
26.029718883944756
17.190825105885434
14.665359257929786
1.7114226746284458
14.414346029536066
-0.06213079077778966
-4.384291498645555
5.121089964420961
19.86135019348097
16.37605393764687
-8.061373442856677
2.1140423768960863
0.4106868481282616
1.2560914373692835
1.5917137658203906
1.5740570214880956
1.1469619510563929
-2.89405715210425
0.5265185600156621
-3.5136981698413647
0.5875435881970079
0.2864674847946094
8.107808980066187
-2.2852785283699264
-0.7345033407774155
0.0
-4.4777561977469835
-2.524176417353046
0.0
0.2761461081729191
4.065625667408794
-1.4737227911247377
4.353069938389976
-0.10498440607077086
-0.5026716825302766
0.0
0.0
4.804342619312412
0.9439575884734464
-4.0
-10.261868719294347
0.0
0.0
0.0
0.00884678367735603
2.618280096702636
0.0
0.0
0.0
0.0
0.0
-1.4000000000000001
8.83479466032942
13.98873885023009
7.60283239106653
4.0769082643413626
6.703135736767697
2.650378699479198
3.21945455109831
6.164064466630098
4.096061964868102
0.16438361097989382
6.108817695323799
-2.316324954101979
5.083905888098182
5.324162663699894
-2.8033728853619633
-6.906879884852595
1.808797427613555
-7.867023135586738
1.8081535209540136
-7.664228397181761
-3.8682853358425073
-6.6611945551154
-5.1604983081390134
-2.4984323918885876
-4.513917693677606
-6.9822132872869505
-11.510753836455894
-5.401393657470969
-3.7531411790638014
1.625739519948238
-1.7759127735331481
-1.9963392877280375
-1.5258102741072608
-0.2284637630148425
-1.867714290871716
-5.243905908517986
0.0
0.0
-3.2
0.0
-3.3429363456
-2.804945570662596
-4.800000000000001
-4.8
0.0
-3.6000151462696692
-3.9827438733922502
-2.0
0.0
-7.808
-3.2
-6.940880650382463
-3.2
0.0
0.0
0.0
14.361042393772738
3.895451602570334
17.588518313878787
20.914732399544512
5.8455101867603165
10.491643249713642
13.855573841499966
11.017020647172062
0.0
6.3548634560190465
12.419926567116692
0.6371090884789363
1.8330428694813277
11.172735670512756
-0.8907256662968137
-6.603872939089158
8.754750318620077
12.781089982113539
-7.300439258655288
3.4888338697264167
2.349685468260183
-1.4561923255044773
-0.6252720059433007
-6.416174373594848
-0.3255610716133808
-3.441316927316857
-1.0783724529328484
-2.386213029356812
0.0
-0.9175625155810967
1.6531053998718859
0.0
-4.073250266866784
1.8658099826234833
3.229614426670241
0.0
0.0
0.0
0.0
-1.5957347788012048
0.3982127334015979
-2.3933549466701765
0.3326433759672084
-2.4000000000000004
0.0
-1.350009491552136
0.6499905084478643
-0.7268666340394697
3.2506545725313485
-3.2
-4.074802234304302
0.0
0.0
-5.967485299226233
-3.4032280251431843
-6.49595591765442
3.3950237122327906
-0.5431702948288986
-1.357743560402235
0.4371958964682085
3.160983437899528
2.1604723881669896
9.769723586509485
2.7563738276443397
3.6687751147526204
0.6810970692158229
0.0
-0.82828870170947
-3.2389177960509326
2.2730889403315957
-9.080243660914313
-1.530545584298057
-4.369218504796654
0.900886311899816
-3.0574700999233206
-1.4800591350843177
-3.8776957159358827
-3.0802783572829133
-2.4811059099087625
-1.6791315884571423
-5.738643224404955
-0.9061627633468352
-6.713701835147363
-5.061892865546785
-4.290948971278117
-2.273986737675035
-3.058030901909512
-3.2
-4.7
-2.1996008307977215
-2.115810952101229
-1.964111250863196
-2.172853459447546
-6.960000000000001
-3.959326294777699
-4.013495486356714
-1.7051569547465864
-4.0193082847629835
-2.2854203687373147
-3.551079209818483
0.0
0.0
0.0
0.0
-1.8
0.0
0.0
0.051751462276999054
0.0
0.0
-1.2807547105886667
0.0
1.3967709647386277
11.160781371387458
3.3805496961119035
0.6790101932629976
11.344961929098123
13.796772295984438
11.574430266090147
-3.9940312390301003
5.2501780147711266
-0.2212676095361943
1.2525661789206766
8.922071009814534
3.4538480279012242
1.9210211287196484
-3.49959377340422
5.03120241676624
-8.160714819964875
0.3368898602641476
-3.5102282373008054
0.40749353712092695
3.2956445900319635
-5.974400000000001
-0.8039464257076219
-0.9814520347414781
-4.931331211006465
-2.9622095228571697
-1.4899095853847262
-6.063959234926249
-3.295150203204106
-0.9367353871042673
-2.7136418464118472
-6.697858895359593
2.3361220724998475
6.948813662853324
-1.4416460562175675
-3.2
0.0
-8.047470514268543
-1.2000000000000002
0.0
2.1149077678083317
1.9000524944211081
-4.116279760799422
0.0
-2.0
0.0
0.0
0.0
0.4904248098454953
0.0
0.0
0.0
0.0
0.0
0.0
0.0
1.1387936353872659
3.387086147191187
5.952351010467653
-1.4692964259120567
2.1072203984411764
3.6923900002372694
4.926879148719661
-0.9695436102101618
0.43015978161118995
2.8104647414937665
-2.124065388101955
0.9595542628173125
-1.4498253162843762
6.175265793802341
-3.035535846781314
-4.640793730617572
-3.2611785738891985
-5.309225493034796
-1.309716390883685
-1.8797061966798865
0.231283545602232
-4.655630186810889
-4.631562516723667
-4.076381507094307
-2.762416556524479
-1.0579515339295555
-0.05825750267531271
-2.1117398448853466
-4.277299549901839
2.6328345604392958
-1.9938038405950351
-1.7778032383967854
-1.389225113836761
-3.8865314573119143
-2.1321079739661872
-2.648452157115579
0.0
-3.5108376036209252
0.0
0.0
0.0
-1.9207822747057794
-2.4437953339598284
0.0
0.0
-2.6559300119943696
-2.0
0.0
2.581208227121599
0.0
-3.2
-3.8500782171634884
0.0
0.0
0.0
-1.5353825191181123
14.08827016348501
1.2215568328203439
5.743762302568058
12.82551329542773
4.28135375628706
-0.8526326981600894
14.294170405973748
9.879783842579307
-2.16
7.9282353731834245
2.045064976228632
-0.8314174945992231
0.0
-1.1740004951336718
0.18257344286418986
-5.257469880153443
2.091007707140416
1.051051087959065
-1.5882434674953807
0.29490323945491603
-1.3104268143885602
-3.706265526030552
-3.5360000000000005
4.667381867785071
-0.3346716505552685
0.0
-4.57256
-1.7230073479005483
-1.2349915254165236
-2.272849367278936
0.0
0.0
0.42398643181874274
-0.30887872308087216
-6.537371341984614
0.0
-1.2000000000000002
0.0
0.0
1.3918192823551327
-1.4000000000000001
-1.8257539638236744
0.0
0.0
0.0
0.0
-3.273982929538095
0.0
0.0
0.0
-1.6673566240327915
0.0
0.0
0.0
0.0
0.0
-7.151356830499021
5.220475574688238
1.5035428512694056
0.97665641545353
0.0037861631682075125
1.0130543604796283
2.1405837010647843
0.0
1.0776326437193264
0.0
0.0
0.0
1.3817545313629074
0.0
-8.874874576696733
-9.355079328716434
-0.9706815568431328
1.8933189956014465
-3.5320984446403756
1.9393722193897371
-7.5300100519156095
-3.2
-2.9055449562112
-3.9372893394719544
-4.37256
-6.539239377084286
-2.56
-3.41704968954362
-4.5600000000000005
-1.380445696
-5.333814273765531
0.3514592495615072
-2.8434201956814293
0.0
0.5621515728888653
-2.270195070933869
-1.2000000000000002
0.0
0.0
-3.2
0.0
-1.2000000000000002
-4.930413824665942
-8.09814016
-8.383826748282722
-7.2
0.0
-0.2
0.0
-4.880000000000001
0.0
0.0
-2.0
0.0
0.0
0.0
-1.3839760803388232
8.626885375673819
-2.8079771155695914
0.44637909367431594
11.71494761383703
13.135794836596947
1.6145025348471835
0.0
4.447812908196591
0.0
0.0
5.69222492068788
4.3589721134804815
1.018171542120826
-0.5623437083771939
5.39427627442264
-0.8941222289611881
-8.510116802511956
-4.195554837519293
5.433321941445801
1.6662975927411012
-7.317148724720729
-6.167897007863789
-5.5680000000000005
-9.884570742701015
-3.64324577150908
-4.199568453090311
-9.168390690997997
-0.26877738152789865
0.0
-6.588424232441123
1.2251862838338887
3.2635084503777545
-0.1238944490835232
-2.595546869837771
-0.5071801459010845
0.0
-1.014513312641384
0.0
0.0
0.0
1.5705567187764622
-3.1
-4.800000000000001
-6.115728556478826
0.0
-5.5680000000000005
0.0
-1.6
-11.228175587174844
0.0
-1.8940230910052696
0.0
-4.800000000000001
2.604767980372631
-3.6
-2.049569929753584
-2.059352104118786
2.77196647039531
0.3074970370999958
0.8290601801634044
-0.7274126334966975
1.727175885570218
0.0
-1.2517476611759308
0.0
-4.065245417518448
-0.9921031542039231
0.8180566130255423
0.0
-7.968178672348958
-6.7908143245083945
-2.9737907978237454
-6.923105015072009
-5.021432978891811
-7.116744333284974
-6.513323644248552
-1.580154911370769
-2.6432457063887957
-8.004777710896175
-1.7170889837350052
-1.7611776165534339
-3.875785280837601
-8.28205941913988
-1.6
-5.020636296232599
-1.2125684789320041
0.0
-2.866277778843341
0.0
-2.21863232
0.0
0.0
0.9520934045185672
0.0
0.0
0.0
-0.48717687177600005
-3.6
-4.800000000000001
0.0
0.0
0.22998406843807623
0.0
0.0
0.0
0.0
0.0
0.0
0.0
0.0
0.0
10.21865266674494
-0.6627722311414075
10.782907932467745
9.318325620858733
-1.351708158503818
-5.667678269091054
1.6409554518141931
2.945009868290617
0.3000424002217131
0.0
2.465971769377229
0.0
0.0
0.0
-4.279002792785674
0.0
-2.999591294621852
0.0
1.811205947010584
-9.550976
-1.2000000000000002
-3.719253605984373
0.0
-0.19925360598437258
-1.3992536059843728
0.0
0.0
-1.2000000000000002
3.4191962053101923
-1.8976943097898962
0.0
0.0
2.1768444223242422
2.2738468001714054
-2.526855307098014
0.0
0.0
0.0
0.0
0.0
0.0
3.0834289511282176
0.0
1.1943256090671701
0.0
0.0
-1.9413169273168571
0.0
0.0
0.0
-3.4000000000000004
0.0
0.0
0.0
0.0
0.0
-1.6508455542825142
-2.470109501387153
0.1919910915021431
0.0
-1.6118608691582004
1.8255412951235974
-0.3123611210841427
1.2854556681503357
0.3490869994901527
0.0
0.0
0.0
0.0
0.0
-7.160290909004475
-5.523484019228842
-5.93181202716527
-3.199019146295962
-11.449939357511532
-5.2
-3.5136325718889077
-2.0
-3.285032316005412
0.0
0.0
-4.7820555970056775
0.0
0.0
-2.7532827779968
0.0
-0.9686179797329395
0.0
0.0
-3.2
-2.0
0.0
-1.2000000000000002
0.0
0.0
0.0
0.0
0.0
-6.304
-5.739191255933189
-7.015078576271992
-3.636
-7.824
0.0
-2.4000000000000004
0.0
0.0
0.0
0.0
0.0
0.0
0.0
-4.882926307257769
1.8296273409771344
0.0606751717287068
-2.091244334363595
3.5698228755484047
3.5777836586233307
-0.7878089451187483
-1.5213914155659107
-1.41192990760944
-2.0
0.0
8.104079398022686
1.9355514330400725
0.0
-1.708154911370769
-4.84429496810448
-3.415223214728404
-2.7800000000000002
5.999751528339996
-2.09858957951065
-1.927363126253122
-4.0
-1.2000000000000002
0.0
-1.2000000000000002
0.0
0.0
0.0
-0.24891617742312508
-0.7523176456871302
-0.6305110117639617
-1.671960680017909
-0.7489103663348382
0.16945133774971985
-2.8222798093063313
-5.760000000000001
0.0
-4.380492360604484
-4.96
0.0
0.0
-0.38889999034274414
-4.752000000000001
-0.7489103663348382
-2.0
-1.8880000000000001
0.0
0.0
0.0
0.0
0.0
0.0
0.0
0.0
0.0
0.0
1.864294308222039
-1.5466883882093174
1.2251862838338887
-1.533753677529603
0.0
0.00858421850389742
1.6957628041553061
0.0
0.0
0.0
0.0
0.0
0.0
0.0
-2.56
-6.357560509243621
1.5324727146068409
-2.76952
-4.723656141988976
0.0
0.0
0.0
0.0
0.0
0.0
0.32400000000000007
0.0
0.0
-1.28
0.0
0.0
0.09804264337697569
0.0
0.0
0.0
-2.0
0.0
0.0
0.0
0.0
0.0
-1.4921031542039231
-2.0
0.0
0.0
-2.0
0.0
0.0
0.0
0.0
0.0
0.0
0.0
0.0
0.0
0.0
4.949785103288863
0.0
1.9439467366441943
1.0846734376323819
0.0
0.0
0.0
2.6829790113663528
0.0
0.0
0.0
0.0
0.0
0.0
-1.9812576154418657
0.0
0.0
-2.0
0.01874238455813427
-3.2
-3.1167005130749583
0.0
0.0
0.0
0.0
0.0
-1.2000000000000002
0.0
1.989043160325513
0.0
0.0
1.8060868849942242
-0.2
-3.445996429138795
0.7576041764978465
0.0
0.0
0.0
0.0
0.0
0.0
0.5147791112342851
0.0
0.0
0.0
0.0
0.0
-1.199455804416
0.0
0.0
0.0
0.0
0.0
0.0
0.0
0.0
-2.0
-2.0148266429199313
-1.6741751799313627
1.0846734376323819
0.0
0.0
-2.0
-1.8920407148611347
1.8343559232000002
0.0
0.0
0.0
0.0
0.0
-2.9973460039728694
-1.59720064
-2.0
0.0
-1.996626370779536
-4.883717034691027
0.008409099960576002
-3.7600000000000002
-4.800000000000001
-1.4000000000000001
0.0
-3.2
-2.0
0.0
-4.92558135296
0.0
-1.8047587812261714
0.0
-2.56
0.0
-1.2000000000000002
0.0
-1.2000000000000002
0.0
0.0
0.0
0.0
0.0
0.0
0.0
0.0
0.0
-2.0
0.0
0.0
-3.2
0.0
-3.2
0.0
0.0
0.0
0.0
-1.743678392943293
-0.4738631642438469
-1.9931975552
-3.5931975552
-0.40791240278591
2.0035957221559095
0.0
0.0
3.944654007450561
0.0
0.0
0.0
0.9736573119567824
0.0
-3.2
-1.2000000000000002
-8.16
0.0
0.0
0.3255688916728619
0.0
-2.0
0.0
0.0
0.0
0.0
0.0
0.0
-3.15456
0.020995200000000006
-3.169766912
-2.367174966834305
1.9514211848619625
-1.9931975552
-0.6350413933283207
-3.2
0.0
0.0
0.0
0.0
0.0
-0.9465414453008099
-5.76
0.0
-2.8800000000000003
0.0
0.0
-5.2
0.0
-2.0
-2.0
-3.2
-2.5494077444484433
-3.2
0.0
-3.2
1.44
-2.0
0.0
0.0
0.09804264337697569
0.08020766112472137
0.0
0.0
0.0
0.0
0.0
0.0
0.0
0.0
0.32400000000000007
-2.0
-2.0
0.0
0.0
0.0
0.0
-5.760000000000001
-2.0
-3.2
0.0
0.0
0.0
0.0
-4.032
0.0
0.0
-2.0
0.32400000000000007
0.33048000000000005
-1.6
-2.0
0.0
0.0
0.0
0.0
0.0
0.0
-6.297600000000001
0.0
-2.0
0.0
0.0
0.0
-3.2
-5.760000000000001
-3.2
-0.2
-3.2
0.0
0.0
0.0
1.4327372585594986
0.0
0.0
0.0
0.0
0.0
0.0
0.0
0.0
0.0
0.0
0.0
0.0
0.0
0.0
0.0
0.0
0.0
0.0
0.0
0.0
0.0
0.0
0.0
0.0
0.0
0.0
0.0
0.0
0.0
0.0
0.0
0.0
0.0
0.0
0.0
0.0
0.0
0.0
0.0
0.0
0.0
0.0
0.0
0.0
0.0
0.0
0.0
0.0
0.0
0.0
0.0
0.0
0.0
0.0
0.0
0.0
0.0
0.0
-1.2000000000000002
0.0
0.0
0.0
0.0
0.05918886681739196
0.0
-1.2000000000000002
0.0
0.0
0.0
0.0
-7.9827200000000005
0.0
-3.996626370779536
0.0
1.8
-3.6
0.0
1.8
-3.5
0.0
0.0
0.0
0.0
-5.392
-3.1232000000000006
0.0
0.0
0.0
0.0
-2.0
0.0
0.0
0.0
0.0
0.0
0.0
0.0
-7.9827200000000005
0.0
0.0
0.0
0.0
0.0
0.0
-2.0
0.0
0.0
0.0
0.0
0.0
0.0
0.0
0.045057285645365444
0.0
0.0
0.0
0.0
0.0
0.0
0.0
0.0
0.0
0.0
0.0
0.0
0.0
-5.2
0.0
0.0
0.0
0.0
0.0
0.0
0.0
0.0
0.0
0.0563216070567068
0.0
0.0
-3.1
0.0
-0.5303626360668834
-1.9436783929432933
0.0
0.0
0.0
0.0
0.0
0.0
0.0
0.0
0.0
0.0
0.20000000000000018
0.0
0.0
0.0
0.0
0.0
-2.0
0.0
0.0
0.0
0.0
0.0
0.0
0.0
0.0
0.0
0.0
0.0
0.0
0.0
0.0
0.0
0.0
0.0
0.0
0.0
0.0
0.0
0.0
0.0
0.0
0.0
0.0
0.0
0.0
0.0
0.0
0.0
0.0
0.0
0.0
0.0
0.0
0.0
0.0
0.0
0.0
0.0
0.0
0.0
0.0
0.0
0.0
0.0
0.0
0.0
0.0
0.0
0.0
0.0
0.0
0.0
0.0
0.0
0.0
0.0
0.0
0.0
0.0
0.0
0.0
0.0
0.0
0.0
0.0
0.0
0.0
0.0
0.0
0.0
0.0
0.0
0.0
0.0
0.0
0.0
0.0
0.0
0.0
0.0
0.0
0.0
0.0
0.0
0.0
0.0
0.0
0.0
0.0
0.0
0.0
0.0
0.0
0.0
0.0
0.0
0.0
0.0
0.0
0.0
0.0
0.0
0.0
0.0
0.0
0.0
0.0
0.0
0.0
0.0
0.0
0.0
0.0
0.0
0.0
0.0
0.0
0.0
0.0
0.0
0.0
0.0
0.0
0.0
0.0
0.0
0.0
0.0
0.0
0.0
0.0
0.0
0.0
0.0
0.0
0.0
0.0
0.0
0.0
0.0
0.0
0.0
0.0
0.0
0.0
0.0
0.0
0.0
0.0
0.0
0.0
0.0
0.0
0.0
0.0
0.0
0.0
0.0
0.0
0.0
0.0
0.0
0.0
0.0
0.0
0.0
0.0
0.0
0.0
0.0
0.0
0.0
0.0
0.0
0.0
0.0
0.0
0.0
0.0
0.0
0.0
0.0
0.0
0.0
0.0
0.0
0.0
0.0
0.0
0.0
0.0
0.0
0.0
0.0
0.0
0.0
0.0
0.0
0.0
0.0
0.0
0.0
0.0
0.0
0.0
0.0
0.0
0.0
0.0
0.0
0.0
0.0
0.0
0.0
0.0
0.0
0.0
0.0
0.0
0.0
0.0
0.0
0.0
0.0
0.0
0.0
0.0
0.0
0.0
0.0
0.0
0.0
0.0
0.0
0.0
0.0
0.0
0.0
0.0
0.0
0.0
0.0
0.0
0.0
0.0
0.0
0.0
0.0
0.0
0.0
0.0
0.0
0.0
0.0
0.0
0.0
0.0
0.0
0.0
0.0
0.0
0.0
0.0
0.0
0.0
0.0
0.0
0.0
0.0
0.0
0.0
0.0
0.0
0.0
0.0
0.0
0.0
0.0
0.0
0.0
0.0
0.0
0.0
0.0
24.9864072662711
14.385317849224641
33.226125598686025
24.73131274655289
1.8177684508355474
1.0755899420438442
56.113111106694575
25.13277122335696
9.038765308105523
19.62411083414799
9.309868126445227
4.166616697453011
-0.2562924861572885
58.79432324218865
0.0
7.128762221414661
0.0
0.0
0.0
3.6959197451325396
7.686587960546871
0.0
1.586560748207218
0.0
0.0
1.8230771339807454
0.0
-4.0
0.0
0.0
0.0
0.0
0.0
0.0
0.0
-0.8114814450067925
0.0
0.0
0.0
0.0
0.0
0.0
0.0
0.0
0.0
0.0
0.0
0.0
0.0
0.0
0.0
0.0
0.0
0.0
-3.2
0.0
19.097273820218128
12.783042263968927
19.871643242195052
21.67306950679351
10.343266569469083
17.68088281347898
41.205207788296825
7.42295675810967
12.194755417235466
6.9290768471402275
0.3239295486813514
15.384653421891812
14.891251376633104
44.24331672079255
-1.3464462225677556
3.2163661804848283
0.0
0.0
-2.0
19.099122782027127
46.1780377957846
-1.2000000000000002
0.0
-0.2559849895355617
0.0
0.0
0.0
-4.433799790776838
-0.1599999999999997
0.0
0.0
8.508411317545614
0.0
0.0
-12.20224
-6.720000000000001
-7.899969313582328
-3.2
-7.040000000000001
1.92
-3.2
-6.4
0.0
0.0
0.0
0.0
0.0
0.0
0.0
0.0
0.0
0.0
0.0
0.0
0.0
0.0
8.866879762024837
22.047921838348365
4.852781813682116
3.751926338136761
5.382659461227199
7.757608511483787
56.75184070902218
9.933591989165867
24.819098713958496
8.241161930644186
9.554812090130994
25.193997378603157
28.69572926396896
47.14403903766097
-3.3982671229004953
0.0
0.14555346005041958
-4.985366151751911
0.0
0.0
0.0
-12.49152
-10.04559439133099
-12.517846500840772
-7.008000000000001
-5.6000000000000005
-4.800000000000001
0.0
0.0
0.0
-0.15297388543999946
0.0
0.0
0.0
0.0
-7.760000000000001
-4.800000000000001
-1.2000000000000002
2.9252128881959494
0.0
8.365148526174684
-1.2420934938217858
0.0
0.0
0.0
0.0
0.0
0.0
0.0
0.0
0.0
0.0
0.0
0.0
0.0
0.0
17.83693798972846
14.920891598363173
10.141185544112892
19.873223244336863
13.133312968272577
11.274153603478702
42.469628023699144
23.837599491990197
-2.61781482708921
2.6227365024612217
4.205188107608064
12.681553600836272
6.993906789561144
42.47185767730686
0.0
0.0
3.6397070785984726
2.2949060100566454
0.0
-1.195616
3.0106067515650574
0.0
-8.16
0.0
0.0
0.0
0.0
-2.1694895130546916
0.5199637866099324
0.0
0.0
0.0
0.0
5.966476080392747
14.023649244288212
0.0
0.0
0.0
0.0
0.0
0.0
2.573764502995826
0.0
-2.0
0.0
0.0
0.0
0.0
0.0
0.0
0.0
0.0
0.0
0.0
0.0
0.0
24.982087105443593
13.758217167843494
31.199035877884604
25.926510948999713
13.151360589223199
11.60102577922926
34.490374462289715
26.87576568111104
1.4449567528319824
15.781113216896347
24.407265013532278
3.98580975219489
2.467626511632051
41.20624827684757
3.4000000000000004
3.8230771339807457
0.0
0.0
9.29107319632311
10.881423962658204
32.4282769807635
0.0
-0.21031144895999995
0.0
0.0
1.9080048831620644
-3.656743026548826
26.126829912333466
17.253583266680728
0.0
3.07297606271456
0.0
1.1848272702093867
0.0
4.636792819893475
12.857228669359607
0.0
6.579686488644455
0.0
0.0
1.9882406536545962
13.017999012629806
0.0
0.0
0.0
0.0
0.0
0.0
0.0
0.0
0.0
-0.38162093539369213
0.0
0.0
0.0
0.0
23.108326338208087
15.691242830022201
21.48947301277237
22.95951773640884
15.492623743924266
25.33760300717659
46.54476722110862
7.468856034605558
5.219961438692869
13.428587577927596
14.96075481226649
22.140940600321525
6.208667356673505
37.23659555154634
2.3763358131889856
19.281443758756993
1.7940941321100161
8.369386572892902
13.728406573517654
5.04044849470608
60.62692338119108
2.0368193035205637
1.1300157235131045
19.698366578705553
5.372620480042383
8.84846646966764
0.0
58.857436034819976
-1.5445161748975729
18.517669477049786
2.8758313295976166
10.39858907414673
5.160181542564874
14.269343283999511
30.138331401102228
-0.720448957242001
0.0
3.1956425950504657
4.363525323666335
0.0
1.1470893355152563
35.87147724449081
0.0
0.0
0.0
0.0
0.0
0.0
0.0
0.0
0.0
0.0
0.0
0.0
0.0
0.0
13.205479801831363
37.66241580770691
15.190785382148263
15.207855775985188
29.899226133751313
25.529538781265202
31.767272082083103
8.291066193702516
30.1002736182981
0.18155976790611295
-5.563069436599111
31.506839773396475
13.650493255213492
46.99433399202023
1.7938325992569282
0.0
30.633664877466295
-0.8909841451820641
0.0
3.2137525996594927
43.299468885376236
-4.994249362635497
0.0
0.0
-0.20780937115110307
0.0
0.0
29.20600852179261
9.390884768119431
11.692636668800272
3.7159463573300826
0.0
-0.4971971559113609
0.0
7.4379361738553165
0.775869430180771
0.0
-0.8589431329580894
-3.4959962780197347
1.775597261810908
0.0
18.911131788779254
0.0
0.0
0.0
0.0
0.0
0.0
2.2
-4.0
0.0
0.0
0.0
0.0
0.0
0.0
11.167095141390046
18.33369026401835
15.371087610233573
17.123911025177996
22.578583199179448
20.428732769384794
47.493956666494995
2.4610350489748916
11.929805648358695
7.797633681021841
1.9394982806811267
4.800804212684448
0.0
25.029698341770533
9.82701244852231
-4.5085345564159995
0.3919896338286628
2.295590849162638
6.582373723385482
-0.8616000000000001
37.73494715721899
0.0
0.0
0.0
2.19309648649214
0.9942414633285701
0.0
32.81616196363088
8.149091455390508
-5.2
-0.9045340145510408
5.519808921209289
6.582373723385482
0.692646895511418
7.9666355266987114
0.7139012741629533
5.397492357107638
0.0
-0.6642151651677666
0.0
4.546550358923932
-0.27735076328875063
0.0
0.0
0.0
0.0
-3.2
0.0
-4.5
-2.635076318267649
-5.760000000000001
-4.4
-3.2
0.0
0.0
-5.377975673975067
31.627629114054177
11.807920860701687
34.73744644524032
35.12746769387799
13.329043816445548
3.4377245029961294
33.016829143801296
26.385855819497074
-3.258514030157375
28.31413446487637
15.834275596528144
0.0
1.079269912209647
11.492134536522332
0.0
0.9324618752786686
0.0
2.574963311349184
4.909616568127137
1.8484252360215596
13.899901913680806
0.0
2.180502867876118
0.0
0.0
2.49625130106537
3.8093955018714833
12.954292298979551
12.910215745837041
-2.74833866390278
6.92660416262761
5.532865364093176
-5.027218302708772
-4.3723484346133175
5.019884929236064
4.822587935923583
1.2378402239500743
0.6643888293665645
2.3238388342506675
5.2490166455153195
-2.9651463588896187
2.9803315523579617
0.0
0.0
0.0
0.0
0.724235775390765
0.0
-3.6781503638621027
0.0
0.0
0.0
0.0
0.0
0.0
9.61056063146261
16.666391213984515
10.238317348050389
12.026261391461151
12.933577707637946
13.5674645831391
21.67415665736771
37.33070841444766
10.009363639891328
10.795141466412556
9.850545422962622
10.54414904384707
13.527364910892382
7.926797061531446
20.115638354159252
4.541603400462501
5.538967323113521
5.137441832771653
5.180091002607215
-4.834318461936402
-6.688467981135761
8.564735792366731
-3.7745063831236987
-3.972076874725672
-1.491352213430191
-0.7711901317234942
0.432079577947734
-3.8893758759882227
9.926734934022642
7.83861919393697
4.5076598905346605
4.9274263315478
-5.112418473843493
3.007448214086325
-0.02095104488769528
13.992839373325314
0.0
6.966514519147797
2.965909213605214
0.8042662081794777
-1.8576581933915102
-0.6366483213312094
7.464711653724724
0.0
0.0
0.0
-3.2
0.0
0.0
0.0
-5.760000000000001
0.0
0.0
0.0
0.0
0.0
0.0
10.276739779608553
35.56070747148111
2.1640675190804313
13.242412239822308
26.4932440209697
30.77504961055334
39.23387107966696
0.9919247818902684
27.46907725551448
5.457507181107635
8.365018776592922
29.64175078104218
16.959560731795
21.290655694314534
-8.411339069199022
6.733350604677146
-4.524023963216288
1.5567963480125835
6.5311772286602965
1.4256000000000002
8.399873713080266
-4.9752242518707055
-1.0527694848
-2.8014359794100274
-5.491761972844365
-1.7939254722162277
0.0
11.67627275442942
-13.737568801265974
8.245505977819036
1.0482920742328325
1.0921153728378046
4.370827199853949
5.896196192675099
4.9773640641047106
-2.16
8.508180280741405
-1.24430120768
-0.6775688012659744
0.0
2.9023955485223647
5.453483089440219
-4.138684685318482
0.0
-3.2
0.0
0.0
0.0
0.0
-2.1347668888007765
0.0
0.0
0.0
0.0
0.0
0.0
12.349175639486422
13.918884750336339
15.81080034445123
11.669528469880513
14.578642234590665
18.63268418587831
22.434577838593984
13.037051283572268
13.138302019352597
12.988572038277404
11.988253651251506
8.107133866792594
8.083588972495418
15.193406028508063
6.515474136715239
-6.690907322455981
4.65104916056046
2.3254373614483574
-1.709852895212419
7.383040755115546
11.011934668556432
-3.3870438365247013
-3.496210382491863
-2.688732615286486
-2.237963904439835
0.0
0.0
3.832987253096562
1.5846897276036374
4.182751911864084
-1.766138903959836
-6.5325788525340345
2.6759026334316793
-1.7789901245557145
7.6278643774129185
0.0
5.41396752427339
-0.5634560952961181
2.9496176140266357
0.0
0.0
6.756486176649673
0.0
0.0
0.0
0.0
0.0
0.0
4.023532085504249
0.0
0.0
0.0
0.0
0.0
0.0
0.0
26.422674725383455
6.324113257838298
20.13348268394224
27.385556924595658
8.843018226522787
3.6478980040105804
26.316903807096374
23.02459750660745
0.0
15.168113047000817
11.950860394933791
-1.7408
5.623947564514104
15.182157488072358
2.269279370203359
-4.561814186508036
0.0
4.244551677104671
4.018630273318222
1.3016083688568028
7.822109449330822
0.0
-1.4716822240929248
2.645803244244034
0.0
-2.238526774215104
-2.6736992547324085
1.877313144020597
11.861333109395842
-1.1529736231700027
11.075815900636364
0.0
-0.028114818796205032
-2.5115468922523623
9.29631935004049
4.3876780103390844
0.0
1.5648533516568466
-3.9382704821029195
-0.9183263967017677
-0.17165587767448542
-0.4637169067728144
0.0
-1.0086670548918732
0.0
0.0
-3.2
0.0
0.6000000000000001
0.0
-1.0347914714743367
0.0
0.0
0.0
0.0
-0.06473755735308266
14.624961720667844
9.206462021672795
2.8732035938118066
6.050681871111608
9.802204678002795
5.558818717631437
17.23292606703354
4.6349889792700925
3.4153417623255686
0.6414671122061745
-2.852012595930024
2.5423405567320927
4.910331768227863
6.294301556120265
-3.632693396270411
-3.7302909876339174
-5.268255255712994
-7.489857246178149
-5.102591077993728
-6.450927271563863
8.254099350368518
-3.5316918424058645
-3.2
0.04248486302686273
0.0
-4.1854543735574214
-1.7402588411943127
-0.9514446871517501
-3.4011844464029695
0.8000300524738502
-2.9969748863507464
-7.22880876111675
-5.527656015327442
-1.6532681153332653
4.535576823967912
1.4053184668017447
-3.40736
-4.396296632149606
-2.150636236509851
0.0
-0.846568282882656
-2.8238809062271324
-3.9000000000000004
-0.95892837170669
0.0
0.32400000000000007
0.0
-1.3159073450262744
4.016542090481505
-2.0680954989898037
0.0
0.0
0.0
0.0
-3.782894633347072
-4.5042656
1.4472285234023652
30.186265827595786
2.4641145103072097
7.6770019100743205
22.077073626251497
17.148062666729285
31.914459349911986
-4.16
20.995831864519253
-1.2443759688947393
5.8248596429353245
17.52271718399996
15.003715323883803
11.20989061457882
2.6586634173332717
7.249964815867251
4.992628131127459
2.0747934128726175
-3.2
0.0
15.43623244072289
-1.8553043619062055
8.303461397795015
6.295682279179886
9.310367438676959
0.0
0.0
11.681074993670864
-4.86107297237524
-10.036485166637952
-0.8898670723959001
-1.9835814202361646
-3.4093891276557424
1.1684111116918525
1.294204155156871
-3.2819200000000004
-3.840789310918954
-2.4801170741231395
0.0
6.968163610727911
-0.6443867870674507
2.2327425947118753
-1.9776800000000003
0.0
-2.5630632070658512
0.0
0.0
0.0
-0.43341266502903253
-2.475178123720177
0.0
0.5080693430350067
0.0
0.0
0.0
-5.9
12.579071724069848
12.767523000626213
9.2481358546155
6.687753608508013
7.593658376315997
13.11947276525508
16.390359448152015
6.472970079836645
3.7373427637296515
7.02764158593636
10.15086055881619
1.996280714556141
0.0
12.463715946815284
-3.5732169746917726
-6.082183996226529
-0.3529000907315154
-0.08290339706176653
-6.827094767529968
-2.00435587844838
6.082123611143417
-4.740464802299224
-1.586593740925832
0.0
-3.3160889252527914
-2.738332074295125
0.3950824983255615
4.778967879419968
-3.695365178245826
-4.547951683976467
-5.5071318055169725
1.0347163538823345
5.701055620872325
-2.9935119176817437
-0.9540480175289645
-3.156262629410421
-0.8766895057440924
-7.522514103528337
0.0
-4.524232102882088
-5.756232843085309
0.0
-2.4592
0.0
-5.6
-4.0
-6.5600000000000005
-3.2
-1.4000000000000001
-3.6
-10.214400000000001
-3.2
-4.294564890181873
0.0
0.0
0.0
20.87851966551845
-4.652499583505187
18.151893445949533
18.506480096346053
3.004073738786153
0.024777562654896057
10.311752870408025
14.626470278530986
1.8399872643009694
10.93725670303168
7.91911920422166
0.0
0.0
2.5827601516457124
5.717464114163543
-4.785865930724663
0.49501880776386004
7.454187631696832
7.4782098130401415
-2.4509159216832246
6.025081196963726
3.8447106025247346
0.21797910364562229
0.0
0.0
-3.2
0.5844064548091418
-2.7641656585273484
15.29419620510635
-7.07947592950771
0.0
-0.49144540910820766
-3.7787739522791104
5.814309231918719
7.127433080823007
0.5111564620703525
-1.9416799999999999
0.0
0.0
0.0
-1.7149451868328862
1.38152058456834
0.0
0.0
0.0
0.0
0.32400000000000007
-1.9928000000000001
-5.841428646517899
0.0
0.0
0.0
0.0
-0.3513262947776988
0.0
0.0
5.261260166947011
3.136782588345858
1.1095170161522807
5.700134697656809
4.21358165673667
7.148111776044095
6.847855046096412
0.7798188306231671
5.628387126481271
0.5537940122613786
6.208726401754179
2.209925285126887
1.8810093211076973
2.6694393109142434
-1.4639999956018022
-1.4137841880563253
-2.208431322840248
-0.7732787603090443
-2.856283973278191
-2.2577515845477514
0.8280700053146988
-5.084882188066364
-4.485264311990219
-4.4
-3.2
-1.0292643119902196
-8.648473449258118
-4.354193506566935
0.9686587088580625
0.07537235367817141
-3.7055717292371506
-3.3780309019095123
-2.6129697143813067
-1.1827695997090364
3.766989077164842
-1.2000000000000002
-1.78781670593547
3.1285629769277885
0.0
-10.000651996633826
1.719472318726429
-8.079231257412735
-3.2
-0.1358753498644223
-3.2
0.0
-5.034585808147374
-1.5898321562039477
-6.50808
-7.808
-5.760000000000001
-4.4
-0.8904949826292429
0.0
0.0
0.0
2.3400016522712135
15.693613401440391
3.8203501555804955
2.8399660917807124
10.629983623015049
15.388742106080686
12.963611091908655
0.12050253630725692
16.133177298833036
0.9999186923653933
-1.8775541758963126
12.617668702270944
10.618097935779554
6.326237226731809
-0.43297252107064854
2.0697363290968296
2.924397319183227
1.5605200057763553
4.607320165811474
3.018332831875543
2.7490297551507394
-1.2000000000000002
0.0
-2.3275971459537397
-1.5678162811407725
0.0
0.0
-2.8887460664197486
-1.1843356344863678
0.7276030021002882
-0.6516032821039888
-1.0473529092498775
4.517391926027043
0.0
-0.18868783023797997
-3.1310741284157526
1.0512176201558088
-2.00958787238331
-2.9003897487971115
0.0
0.0
0.0
-2.853760630149436
0.0
-0.9385455409782838
0.0
0.0
0.0
-2.7600000000000002
-0.6000000000000001
0.0
-0.9764683050910836
0.0
0.0
0.0
0.6441438482223286
1.6140019539312345
6.663093452744199
6.184434865803974
4.150923258061049
3.6699349241211006
1.2299039480933587
6.9308667589534245
-1.0887760397445887
-2.3393554554477123
3.76713429072646
0.2758725108122899
0.0
4.370540989464418
0.408908056733592
-3.6868221412400173
-3.0684711774625604
-2.9207894292989938
3.424764745185873
-5.516515184676486
-0.5782793526366932
7.557423412584306
-3.3056
-1.2899451123970267
0.0
0.0
0.0
-1.4471846642812909
-1.574882785971496
-2.9229456035653096
-7.200966191474309
-8.723152621043257
1.5591596676142025
-5.10404843575506
-4.118048246699368
0.784806811635375
-3.744136227575602
0.0
-5.461647603269909
-3.430091320351332
0.0
0.0
0.0
-3.2
-3.2
0.0
-2.0
0.0
0.0
-0.2
-6.720000000000001
-4.827195632555949
0.0
-3.2
0.0
-1.0027631783424
0.0
12.78184514727128
-1.8142083199999999
11.901209478847202
5.630783802478577
1.7676773267302734
-1.5237458739363408
2.5665875787157097
10.201856471498882
0.0
10.514460065316579
0.0
0.40884770453891756
0.0
0.06618925880864315
5.132696678933136
-1.8952445725573093
0.0
-0.3260662336069775
-6.954987648359382
3.9784184360387105
1.717594599770808
-1.9782239863036164
-1.2000000000000002
0.0
0.0
-6.731027613437292
-2.16
-3.5845929942066483
3.6017995143611468
-1.2293439999999998
0.6763472429872885
1.249628615084164
1.4990934606042021
0.18253895361839842
-1.8302952130063557
3.3090802814643454
0.0
1.719416573445177
0.0
0.0
0.0
1.1039265456755663
-3.1617227760162323
-3.9833934158178614
0.0
0.0
-2.0
0.1334837300437055
-0.8422321140712232
0.0
0.0
0.0
0.0
0.0
0.0
-4.890459358517221
4.611183662205888
1.5262592619788435
-1.0116617797103395
-0.1245996112826242
0.6575777051020713
0.24656582082686662
-1.4609979810213547
-1.2214615237740372
0.6934015786160233
-0.4213250487374067
-1.680016793283658
1.6749540329646297
0.0
-0.953328159559165
-4.2907178542560285
-0.49596427180408403
-3.0328010910571686
-7.769639783799523
-3.2353410768545454
-5.302284583240828
-0.23412137425323154
-3.8825418928875237
-5.343415933824
0.16189137001167753
-3.2895999999999996
0.0
-6.164512119808947
-5.173963407775196
-2.511929627135671
-1.9311952325139123
-2.185848017109403
-7.163771130229284
-0.78396459519817
-2.568589996128321
-1.0275569294125497
-2.56
-3.5
0.0
-3.7119999999999997
-2.0
0.0
-3.2096
-3.6
-3.636
0.0
-2.0
-2.0
-6.5600000000000005
0.0
0.0
-2.0
-3.2
0.0
0.0
-6.960000000000001
0.0
-4.771684196480105
10.465278222509605
0.33355372296966235
0.26845528688890097
7.952918543924931
15.56154809048224
7.559366177448767
-1.2000000000000002
4.855503565907737
0.0
0.0
2.119492966875144
4.2777581417252915
0.0
-0.4419898629101272
4.676304493742023
-0.6542119914796679
0.8139605794960834
0.7956907000870492
0.0
4.495708382149598
-4.7992059605471145
0.0
-0.590582908072689
-1.8480123739872116
0.0
0.0
-1.2792003517209387
-4.752000000000001
6.4634418649635625
-4.3934526430796925
-3.5806179591936003
0.0
7.816028437637332
0.36999603109789864
-4.21901036993495
0.2862838578578345
-4.32
0.0
0.0
0.0
0.0
-2.2399999999999998
0.0
-2.0
0.0
0.0
2.6489523553374865
-1.626686046919287
0.0
0.0
0.0
0.0
0.0
0.0
0.0
-4.733810453551552
-0.2069325494157619
3.8754214861094236
1.8590552781734393
2.778910960093755
3.4687094260349234
-0.9681582075192607
0.19873787219262007
0.0
-1.250937645129755
0.0
0.0
0.0
0.0
-5.20829021374314
-7.714982533097141
-3.82207932252117
-1.5533347220484022
-5.463743452168689
-3.3063303320116573
-1.8260498052001044
-0.7859630131864344
-1.2000000000000002
0.0
-4.866927156050968
-3.2
-1.175697166995524
-10.752801930683487
-4.610445743287938
-1.553092194578399
1.0362173890191424
-1.9742839311968532
-2.1566340289580817
1.5493508750598992
0.7103643858795134
-2.4932323852525955
0.10912293136820131
-4.454686297882979
-2.867449707081836
0.039601424439801254
0.0
-0.6000000000000001
-1.5332323852525953
-3.164365549336418
0.0
0.0
0.0
-2.0
0.0
-4.0
-1.7211168424892183
-4.4
0.0
0.0
-3.2
0.0
5.94862310399902
-0.43627590024101903
6.218132919732781
0.08553415136823878
-2.0
0.0
0.7881531286650819
0.0
0.0
0.0
-0.8985082740663666
0.0
0.0
0.0
0.5852007352320001
-1.2989293624963576
0.30211282159357133
0.0
0.7124401868162483
-1.968562639388842
-1.5018494576343677
0.0
0.0
0.0
0.0
0.0
0.0
0.0
1.6473600000000002
0.0
0.0
0.0381048321352495
-1.9311824000000002
0.0
0.0
0.0
0.0
0.0
0.0
0.0
0.0
0.0
0.0
0.0
0.0
0.0
-1.7034752000000002
0.0
0.05832000000000002
0.0
0.0
0.0
0.0
-1.2000000000000002
0.0
0.0
1.021700022597828
-2.4667723438334366
-0.2945100222487098
2.4058692865324054
0.3272121628946973
-1.4997767319129531
-0.9640105869385714
1.0088231965364503
0.0
-1.1637330347150496
-0.9777066994955032
1.1620742060003824
0.0
0.0
0.17465200339532316
0.0
-2.616229888
-6.7432736293004405
-0.10683612085197092
-3.543791310739059
-4.236
0.0
0.0
0.12705758814554133
-3.2
0.0
-2.3205177985209624
0.0
-6.051010386925607
-7.641017685299561
-2.3891869050736743
-5.373756215217881
-4.0152363903232775
-4.2145080231680225
-3.6815369347968
-1.6844783929432932
0.0
-0.3531048293490759
-0.0944298328204403
-3.8146108557801908
0.0
0.0
-4.500791255933189
-4.5600000000000005
-4.420826425348219
-5.750848220339989
-3.728
-6.251025311098057
-4.053113438316972
-4.16799125593319
-5.7084045568
-3.2
-5.760000000000001
-2.7311417635329267
-3.2
-3.9647884288
1.2686553374228604
8.004678651513256
0.0
-3.1104
2.100411670282066
1.9562291133134362
4.42651943308362
-5.4399999999999995
0.0
0.0
0.0
1.2088244398609929
0.0
0.0
1.753251962652898
-0.3978857867764427
-1.0568755120430016
-6.09450419141207
1.4321837188592275
0.0
-3.2512276164763914
-0.28328795222231573
-1.7028482824776194
-7.008000000000001
-3.1771296341338027
0.0
0.0
-3.1585162121923913
0.0
0.0
0.09883036245655344
0.0
0.305031982890597
0.0
-0.4462715539833936
0.0
0.0
0.0
0.0
0.0
0.0
0.0
-5.2
0.0
-2.0
0.0
0.0
0.0
-0.12426118523733064
0.0
0.0
0.0
0.0
0.0
0.0
-1.2000000000000002
0.9421568298489427
-2.525398580560936
-0.49774903077834376
-1.721181422011485
0.8057343677507289
2.7587737510538184
-2.4907195098825454
0.6281508948755522
0.0
0.0
-1.982708590696088
0.0
0.0
0.0
-4.979412164863537
-4.831716421286961
-2.2
-1.5972908409141164
-7.315883351798833
-2.0
-2.323081799951013
-2.0
0.0
0.0
0.0
-5.925885446014588
0.0
0.0
-5.1648063300597356
-0.32588544601458763
3.0633265857607213
-1.3421478908733735
-2.5156988109173466
-1.5526394085277624
0.0
0.0
0.0
0.0
0.0
0.0
0.0
0.0
-3.2
0.0
-2.0
0.0
0.0
0.0
0.0
-5.760000000000001
-4.4
-3.2
0.0
0.0
0.0
0.0
1.0517995883813174
0.0
0.6446800741542968
1.5031013055474327
0.0
0.0
0.0
0.0
0.0
0.0
0.0
0.0
0.0
0.0
0.0
0.8440000000000003
0.0
0.0
0.0
0.0
-2.0
0.0
0.0
0.0
0.0
0.0
0.0
0.0
-1.694144
-5.537344
0.1356612190136925
0.0
-0.2
1.8
-2.0
0.0
0.0
0.0
0.0
0.0
0.0
0.0
0.0
0.0
0.0
0.0
0.0
0.0
0.0
0.0
0.0
0.0
0.0
0.0
0.0
0.0
-0.5242880000000001
-1.93088
-1.8142083199999999
1.8373737776025598
0.0
-1.0660314944544724
0.015552000000000009
-2.0
0.0
0.0
0.0
0.0
0.0
0.0
0.0
0.0
0.0
0.0
0.0
0.0
0.0
0.0
0.0
0.0
0.0
0.0
0.0
0.0
-3.0115584
-7.103727902208
-3.6
0.0
0.5461627734063094
0.0
-2.0
0.0
0.0
0.0
0.0
0.0
0.0
0.0
-2.624
0.0
-3.2
0.0
0.0
-2.0
0.0
-5.5200000000000005
-1.2000000000000002
-2.452
0.0
0.0
0.0
-3.2
-1.6384
0.0
0.0
0.0
0.0
-0.9600000000000002
0.0
-2.0
-3.696
0.0
0.0
0.0
0.0
0.0
-4.0
0.0
0.0
0.0
0.0
0.0
0.0
0.0
0.0
0.0
0.0
0.0
0.0
0.0
-1.6
0.0
0.0
0.0
1.4869005626730845
0.0
0.0
0.0
0.0
0.0
0.0
0.0
0.0
0.0
0.0
0.0
0.0
0.0
0.0
0.0
-2.0
0.0
0.0
0.0
0.0
0.0
0.0
0.0
-2.0
0.05757300675087264
-2.0
0.0
-1.676
0.0
0.0
0.0
0.0
0.0
0.0
0.0
0.0
0.0
-3.8400000000000007
-4.0
-1.5890369132611508
0.0
0.0
0.0
0.0
-2.3200000000000003
0.0
0.0
-2.4000000000000004
0.0
0.0
-4.4
-1.2563840000000002
-3.2800000000000002
0.3666785963349827
0.0
-5.5811072
0.10286080000000003
0.0
0.0
0.0
0.0
0.0
0.0
0.0
0.0
-1.8
-1.5704799999999999
0.0
0.0
0.0
0.02361600000000001
-2.0
0.0
0.0
0.0
0.0
0.0
0.0
0.0
0.0
0.0
0.0
0.0
0.0
0.0
0.0
0.0
0.0
0.0
0.0
0.0
0.0
0.0
0.0
0.0
0.0
0.0
0.0
0.0
0.0
0.0
0.0
0.0
0.0
0.0
0.0
0.0
0.0
0.0
0.0
0.0
0.0
0.0
0.0
0.0
0.0
0.0
0.0
0.0
0.0
0.0
0.0
0.0
0.0
0.0
0.0
0.0
0.0
0.0
0.0
0.0
0.0
0.0
0.0
0.0
0.0
-1.9680000000000002
0.0
0.09830929921313569
0.0
0.0
0.0
0.0
0.0
0.0
0.0
0.0
0.0
0.0
-2.4800000000000004
-2.0
0.0
0.0
0.0
-0.876
0.0
0.0
0.0
0.0
0.0
0.0
0.0
0.0
0.0
0.0
0.0
0.0
0.0
0.0
0.0
0.0
0.0
0.0
0.0
0.0
0.0
0.0
0.0
0.0
0.0
0.0
0.0
0.0
0.0
0.0
0.0
0.0
0.0
0.0
0.0
0.0
0.0
-0.6144000000000001
0.0
0.0
0.0
0.0
0.0
0.0
0.0
0.0
0.0
0.0
0.0
0.0
-3.5328000000000004
0.0
0.0
0.0
0.0
0.0
0.0
-3.7600000000000002
0.0
-1.2000000000000002
0.0
0.0
0.0
0.0
0.0
1.8
0.0
0.0
0.0
0.0
0.0
0.0
0.0
0.0
0.0
0.0
0.0
0.0
-2.56
0.0
0.0
0.0
0.0
0.0
0.0
0.0
0.0
0.0
0.0
0.0
0.0
-2.0
0.0
0.0
0.0
0.0
0.0
0.0
0.0
0.0
0.0
0.0
0.0
0.0
0.0
0.0
0.0
0.0
0.0
0.0
0.0
0.0
0.0
0.0
0.0
0.0
0.0
0.0
0.0
0.0
0.0
0.0
0.0
0.0
0.0
0.0
0.0
0.0
0.0
0.0
0.0
0.0
0.0
0.0
-3.6
0.0
-6.848000000000001
0.0
-2.0
0.0
0.0
0.0
0.02361600000000001
0.0
0.0
0.0
0.0
0.0
0.0
0.0
0.0
0.0
0.0
0.0
0.0
0.0
0.0
0.0
0.0
0.0
0.0
0.0
0.0
0.0
0.0
0.0
0.0
0.0
0.0
0.0
0.0
0.0
0.0
0.0
0.0
0.0
0.0
0.0
0.0
0.0
0.0
0.0
0.0
0.0
0.0
0.0
0.0
0.0
0.0
0.0
0.0
0.0
0.0
0.0
0.0
0.0
0.0
0.0
0.0
0.0
0.0
0.0
0.0
0.0
0.0
0.0
0.0
0.0
0.0
0.0
0.0
0.0
0.0
0.0
0.0
0.0
0.0
0.0
0.0
0.0
0.0
0.0
0.0
0.0
0.0
0.0
0.0
0.0
0.0
0.0
0.0
0.0
0.0
0.0
0.0
0.0
0.0
0.0
0.0
0.0
0.0
0.0
0.0
0.0
0.0
0.0
0.0
0.0
0.0
0.0
0.0
0.0
0.0
0.0
0.0
0.0
0.0
0.0
0.0
0.0
0.0
0.0
0.0
0.0
0.0
0.0
0.0
0.0
0.0
0.0
0.0
0.0
0.0
0.0
0.0
0.0
0.0
0.0
0.0
0.0
0.0
0.0
0.0
0.0
0.0
0.0
0.0
0.0
0.0
0.0
0.0
0.0
0.0
0.0
0.0
0.0
0.0
0.0
0.0
0.0
0.0
0.0
0.0
0.0
0.0
0.0
0.0
0.0
0.0
0.0
0.0
0.0
0.0
0.0
0.0
0.0
0.0
0.0
0.0
0.0
0.0
0.0
0.0
0.0
0.0
0.0
0.0
0.0
0.0
0.0
0.0
0.0
0.0
0.0
0.0
0.0
0.0
0.0
0.0
0.0
0.0
0.0
0.0
0.0
0.0
0.0
0.0
0.0
0.0
0.0
0.0
0.0
0.0
0.0
0.0
0.0
0.0
0.0
0.0
0.0
0.0
0.0
0.0
0.0
0.0
0.0
0.0
0.0
0.0
0.0
0.0
0.0
22.263424514031346
16.52197866848705
12.99984716742352
12.055731270996247
7.355073205566956
5.692751892649125
34.894584714292364
44.01378907497827
-2.610112017365597
-0.3282322780461371
16.323070640902827
12.304944796705154
0.5942725373186044
63.624312194263524
-5.496028477763705
0.0
0.0
0.0
0.0
0.0
0.0
0.5790942879675338
0.0
2.1915197296343023
-6.0
-2.7750749496923666
4.1070827013435105
-1.8227016418705964
0.0
-3.0942949516450566
0.0
0.0
6.057485791920289
0.0
0.0
-3.8239551897407753
-3.7600000000000002
-0.33455988730236863
0.0
1.3697481703667096
-3.2
-2.0
0.0
0.0
0.0
0.0
0.0
0.0
0.0
0.0
0.0
0.0
0.0
0.0
0.0
0.0
9.209418205525488
5.525738515099893
5.4644462211747005
5.623934751962601
16.326861219032445
11.54702129006849
44.23335079372739
0.4495320795217332
1.6308536563969724
-5.535007650108362
0.367118512755477
8.377621355408001
7.94681165219855
42.193112381472154
0.4471366672998698
0.17295838603853886
2.3899151269865135
0.0
-0.8405431228791148
0.0
0.0
-10.551469230876789
-7.591035056246728
0.0
0.0
-0.5512639167079452
2.799841790201641
-5.040000000000001
-2.345448451147707
1.8
0.0
4.623860865915797
0.0
0.0
8.639201761924484
0.0
0.0
0.0
0.0
0.0
0.0
-6.532875595758446
0.0
-2.0
0.0
0.0
0.0
0.0
0.0
0.0
0.0
0.0
0.0
0.0
0.0
0.0
4.893817513282915
-3.7935306671460793
0.10986547952024495
5.532049985658114
17.130288622735097
1.4654989250688772
47.11702756924333
1.3769511007458666
3.828719299865855
-4.648714866368988
5.21776820044389
17.892820675659145
13.431949325970677
51.9515368899302
0.0
-1.2000000000000002
0.0
-4.0
-1.6815236867413814
0.0
2.1620651709709473
-4.960000000000001
-12.096
-4.780384825347777
-2.9451199999999993
-4.4
-5.640000000000001
10.044
0.4638392378184166
0.0
0.0
-1.8516068325537622
0.0
-3.116816959403156
-1.9165089371926851
0.0
0.0
0.0
-3.145571859213418
0.0
0.0
0.0
0.0
0.0
0.0
0.0
0.0
0.0
0.0
0.0
0.0
0.0
0.0
0.0
0.0
0.0
5.840911692907432
2.5012054566072934
2.635312557576248
0.1794898799120272
8.278036740637717
15.36282168002154
51.79225354445304
5.993724553304997
5.287155758423259
7.072231769418403
5.204405927517513
15.434700983142855
10.149762421896519
45.62938162830301
-1.6
7.443853493509461
0.24
0.0
0.0
0.0
-4.236
-3.9853004800000003
-2.228
4.978210004813934
0.0
0.0
0.0
-10.20108326912
-1.2358643549529709
0.0
0.0
0.0
0.0
0.9780267236623619
12.05838430316999
0.0
0.0
0.0
0.0
0.0
0.0
6.645022213428005
0.0
0.0
0.0
0.0
0.0
0.0
0.0
0.0
0.0
0.0
0.0
0.0
0.0
0.0
25.936171488958752
9.464733837754418
28.00569656298451
16.599340078442378
12.121638296492671
10.532559342017608
43.83457273746976
25.426396538709508
-3.6954867269744485
20.568636260183215
16.438920288694685
-0.40099927198015495
1.78484245920493
30.317737856087447
-1.50134872064
3.7673106123137288
-0.7259868798983746
16.564737895281382
4.748634529375798
-3.0552583710038803
12.860671034810945
6.174880069459452
0.0
2.2
2.6252129081985744
-4.340573044227976
0.0
15.557627966138227
0.0
11.412204439091008
0.0
0.0
7.683742638654064
5.377803830008931
38.11832704549769
0.0
-1.2000000000000002
0.0
0.0
-2.4379585020031245
-0.24365922111884314
26.413872281454278
0.0
0.0
0.0
0.0
0.0
0.0
0.0
0.0
0.0
0.0
0.0
0.0
0.0
0.0
6.679073011582384
13.30510611075524
15.379986041670247
8.606030987138526
18.731605910137876
8.68287141841352
17.492824923740937
-1.9057971240480578
8.730304424925269
9.791823824539104
2.304002186938595
15.871551687831344
7.64269277000512
28.89416308105323
0.1024492199954441
4.6672067859202855
-0.34047882483144887
9.63247864134286
-3.6173511414634287
3.823569668259293
14.196135301640096
0.3539151357108663
-2.133291989708144
-5.9998733848186845
4.182484615023612
2.9316483602634005
-2.195005172005333
0.16046590905193225
-4.1820892695466565
3.9228872956548226
-1.005934829029053
-1.810448799309798
-7.197960761597974
-1.6473937126675349
25.734867681309737
-7.7
-0.11226788559972478
-1.9099271858960325
-2.951804207410829
-0.13281052707252386
0.0
-5.371972477520842
-9.696
-2.0
0.0
0.0
0.0
0.0
0.0
-4.0
0.0
0.0
0.0
0.0
0.0
4.994518968315279
1.943131975075955
8.14223408564975
7.5340149401509535
11.99014037369906
36.254787919574134
14.753061080253877
33.73111723156346
-0.18270878767379828
18.339188948705488
-3.213192657896429
0.0
14.981678175356373
22.155290652116463
30.6467428325696
-2.736447708803935
2.3543456027144005
3.737113069695173
-3.0987689444871043
-1.1100728792250747
0.0
6.3939201377650265
-3.2
-6.874393820308409
-9.840384825347778
-3.5560872865941278
-7.688026328394892
2.97810540872037
1.5788800763110804
-6.662210848815155
0.0
-0.06801405201961241
1.5434673250195678
0.0
0.0
16.187280540402035
-6.904835621315511
0.0
-4.756766198309411
-1.1297467172304116
0.0
-4.351606832553762
8.669645778298602
-2.56
0.0
-3.6
0.0
0.0
0.0
0.0
-6.976000000000001
-3.2
-5.760000000000001
0.0
0.0
0.0
0.0
15.965279958311786
22.568603010303427
5.267759418210171
5.349023383185491
19.395520763642427
20.685974947156662
39.32212149619751
5.315248577145841
5.852851581236715
5.159321666350072
5.221906040649015
11.297086235808479
-0.3365748857225761
40.802463125939106
8.996233837942302
6.099171567327025
3.7211500171001117
0.22457901827486726
3.8307717909524133
12.087280120394356
42.55296587656549
-1.9671488942553093
9.483345584341755
0.0
3.413777745779048
0.09102156840677944
-2.700486876482142
31.18313305334613
0.0
2.621860829376563
5.364612094700066
4.282279761187314
-1.3893166320341739
5.991552097064801
14.619680502234791
0.0
0.0
-2.352480858157366
0.0
-1.788
0.0
13.283372172989099
0.0
2.9639704216607465
0.0
0.0
0.0
0.0
0.0
0.0
0.0
0.0
0.0
0.0
0.0
0.0
19.008273007359968
8.154014956810927
22.986974814590212
29.233350605970557
9.90318188783984
7.6893445794521496
31.788869411395623
32.32278667023366
1.465105001654433
16.044717353683502
11.958035333035799
0.6565990484731814
-2.965346198753915
30.5634300914932
15.41384931013408
6.961611641590581
12.076121124747377
12.649548744381127
1.6948503719705705
-5.963111136286271
24.243617221306828
-0.2675896242892444
0.0
-0.29133218745926337
7.385350103957847
-1.6589300682581876
0.708353715287305
4.328265810599477
2.6648530231797865
-0.433378509122462
0.0
0.0
-3.1982160483068007
-0.4291903039017302
11.34214624837408
-0.8512627984932529
-5.261322315715413
0.0
0.0
-3.2555448305337062
-0.023833995992338708
3.8837144019739953
0.0
0.0
0.0
0.0
0.0
0.0
-0.17807891242926754
0.0
0.0
0.0
0.0
0.0
0.0
0.0
6.835223182775705
3.3556812641301415
1.0081468584138222
12.014447496545912
7.24676033297959
5.198089000179051
5.389794258887048
4.071262469742868
3.106274389216416
1.4450532823576812
0.0
7.66291593999704
5.132045746480895
18.03747624502105
-2.219369408115059
-3.3279818338407425
-2.0572276780344945
-6.877200054527802
-2.2172335158156216
0.8186827657547178
7.252923694252829
0.9864641900657141
-10.263886131022234
-0.7271393048514425
-5.519897726491039
-7.948184607201773
-11.092935242365332
-2.4261137824333137
-12.801349632232109
-0.47487501533529985
-7.1673857368785825
-2.9335894343973106
2.529931637176577
0.6888102547403427
0.32727773816593364
-1.2061507174370343
0.0
-2.9103849230104224
-4.223204498336854
0.0
0.0
3.863536729931063
-1.2000000000000002
-2.831808
0.0
0.0
0.0
0.0
-1.7619840000000002
-4.4
-2.392202350202685
-3.073014593127466
-1.138514436262406
-3.5022034410119334
-3.2
0.9939630968949741
2.1853999073986237
18.903106085658933
5.041589972316744
6.319638502946646
22.03276593839282
19.10730862443797
24.68989663565575
-1.611232429302534
17.740301722437618
3.710309149937123
2.1075544101589747
16.464453350822637
10.634157076397493
17.339145659614235
0.4163959918065554
-5.4366867351528185
2.5301490510011018
0.27332854756003844
0.4570380293787071
0.8362438179150433
3.791246330536149
0.24402618319454916
-1.0329104232878397
-0.7711855417198308
-3.4254153191986516
2.196014559123203
5.733073803940764
1.5887586797338733
2.6908690789492984
0.0
-4.000515358750023
-4.060065968755806
0.0
0.0
8.375637093206269
-16.186878141302934
0.0
-4.012983979575752
-1.0502222924742342
-3.00039296
0.0
11.44768741107417
0.0
0.0
-3.2
0.0
0.0
0.0
0.0
-1.5796206476592596
0.0
0.0
0.0
0.0
0.0
0.0
15.99156053153554
14.805154426176115
14.89928280850914
11.959423801277705
23.81614599355275
10.387506696483563
29.020606566821215
8.166837491857358
4.19475661776635
4.9243490369043865
1.3782295912012532
4.488151287408759
1.4063010776479514
22.281036872531434
-0.5133702493124277
4.06467496936256
3.048593452059058
2.084034439375376
6.7864168872829165
6.992766258958598
21.02801852438576
-4.0
0.0
-3.7600000000000002
2.6600671504372166
1.1905086475426803
-3.69535338730575
8.165433203108783
-2.257447392470752
-2.7781732062587934
-2.748725234450125
-0.1407404966545549
-8.73368163650085
4.283577191629087
13.32790945671422
0.0
0.0
1.7436209250767627
0.0
-1.310185428254068
-0.5806697761732392
9.18678641877035
0.0
0.0
0.0
0.0
0.0
0.0
2.9183233534829207
0.0
0.0
0.0
0.0
0.0
0.0
0.0
22.691134989656284
9.95546617922001
14.992606622090833
15.35274082727043
4.888730013270252
5.328714738508916
20.436108400746786
18.221373598363083
-1.1348341124429562
5.600606755770355
5.543191051351522
2.4677380707482204
4.892036715799197
10.632490813794183
-5.67654488589654
-1.4213009432760502
8.251379621885963
-2.836316612604068
4.561306446865063
-1.222146291145485
0.29699682708320707
1.5481380732188046
0.11465065832161657
-3.4876432118036167
4.582686571285212
2.196053993811273
-1.5179652686358387
1.212419437003381
3.227104120755314
-0.2177661173995018
3.3141980666765614
2.724059416209415
8.356548658489197
-1.0312533575360883
2.30109602504935
0.0
-1.1212486120102942
4.261715645322533
0.0
0.8087524053785082
1.2906220871058973
3.8992904119015472
0.0
-4.344259181124462
0.0
0.0
0.0
0.0
2.7788906826340036
0.0
0.0
0.0
0.0
0.0
0.0
0.0
3.8541359568226787
5.484193901448587
4.170015087691592
3.837418485916542
4.888395847524382
1.8166483890928253
4.189156865962544
2.93876967045861
5.657079331550985
0.0
0.0
2.673888736099687
1.7955065277401685
0.5010599567025551
-2.1580428535675633
0.40215944537858217
-7.900401314013628
-2.4957521936945457
-4.4097060590903805
-6.263381321319104
-3.040424711356775
-3.4831090818782546
-3.7940638181304043
-0.24773321316273256
-9.852158060289838
-6.970775622776857
0.0
-4.39276300348035
-1.1331410391922405
2.49748039288972
0.4232142298215223
-1.6809035121213136
-0.24841455259840628
-2.1242751986541317
-1.8126676009704132
-3.5995680098977534
0.0
0.0
-3.4805294025748124
-1.2170556174212468
-2.2067363395325046
-0.21228606689116347
-1.660917287936
-2.0
-2.0
-3.9000000000000004
-1.270404237599295
0.0
-1.69296572416
-4.5600000000000005
-6.960000000000001
-3.2
-4.7
0.0
0.0
-2.7287338303488
10.027585860713874
17.40430698085208
6.598725510285071
5.4039549737529144
16.395185383764943
14.617312693935903
6.608046389263526
1.4684737231023104
5.8623177451646855
4.898537515860488
1.3836038657204826
11.636033786662873
12.429124671861919
10.54290434682294
-5.798660977955583
3.4287803090044324
0.2807748711838838
-0.17748488217360658
16.868133756471803
4.032087932658762
9.399503416352058
-3.2597840090121046
0.11889234472268662
-9.066803199999999
-0.6727042552488793
-1.3602027090501738
-3.603144823179893
-1.5771532903184153
-1.5472253621552692
0.0
-4.615107324975682
-8.778874396136718
-1.676916242944336
0.0
-2.5265654060527223
-4.800000000000001
0.0
-2.758644652366712
0.5714314543878231
0.0
0.0
-5.256658639507601
-3.6
-2.0
-2.0
0.0
0.0
0.0
0.0
0.0
0.0
0.0
0.0
0.0
0.0
0.0
7.861797921562407
4.069507015761829
8.097679631560043
8.133605354067537
2.3330310341458596
-3.213477993902212
8.712778267722078
5.101985140612778
2.4463146058187317
2.2197728704641797
5.5915639787557865
0.0
0.0
4.0820525910057075
-6.168598223063466
-3.842944894697766
-4.832421602845097
-5.578087455718995
4.263177763446718
-5.963120782222777
-2.6398173817716453
-6.657046772317834
-7.485152116201663
-8.236472304549936
-3.955670986089371
-0.9050693034803792
-3.1279192829808813
-0.5731774156820322
-3.190659350104436
-1.9624332306792769
-1.3025314178741638
0.05986031111654011
-1.7024454618643259
-3.790876813791264
-0.5622243415922039
-1.2000000000000002
-2.2901076131783813
0.0
0.0
-1.0996607068440136
-1.9026616364685127
-0.9779816005802879
0.0
-1.835650606636463
-2.0
0.0
-7.315160693655896
0.0
0.0
-3.440110429348602
0.0
0.0
0.0
0.0
0.0
0.0
19.766993118885516
6.1648259083897035
13.33836606366566
11.868120484081281
2.3482706998833365
1.9149426477148244
15.28841259144832
13.564804909941326
-0.6656850604976965
9.06602842407753
5.802686728478263
1.2186723603788938
2.0907388686714743
5.768411835128014
0.9341937966713947
-1.0689581518072413
3.168337638518092
12.03182144753154
-6.732766482860095
-1.8209393638814464
9.957031069100434
1.904795805337347
-3.406606961648943
0.0
0.7922919723391719
-8.128
-0.5848446860726384
-4.155475734123547
2.063879935908499
-3.1717804541705577
0.0
0.40232883617410276
-3.470005891363697
-6.548979462481791
-0.9192416724668364
0.0
0.45070291539626556
0.0
0.0
0.9336470747475742
-0.29049498262924284
0.7820485699292585
0.48197592687231217
0.0
0.0
0.0
-7.68
0.5485120511646215
-0.2
0.0
0.0
0.0
0.0
0.7295478084926714
0.0
0.0
5.50589056332328
2.3690109804676096
5.2268485303999555
3.1412077115634953
6.1999075349643125
-5.6780256215054825
3.5457222033244804
0.05193496558332089
2.242445645270718
0.0
2.8416392143955447
1.030207060335127
0.7492858712846623
0.0
-6.080246072524821
-4.664570782125404
-1.966834328417122
-6.038337787634743
-9.905332243437545
-3.948730036122238
-4.6399502513879805
-3.834711077142053
-2.9410292984104767
-1.8268918874434847
-7.006091510498494
-3.7639896517059754
-3.4218265943988397
-5.406969784755876
-2.8528921718932976
0.0
-1.5680511424703356
-2.298885084395395
0.0
-3.9000000000000004
-0.8569631374909767
0.0
0.0
-2.0
0.0
-0.4237426857047544
-0.6268500071639309
-3.381598309771361
-4.5600000000000005
-3.6
-2.0
0.0
0.0
0.0
0.0
-5.760000000000001
0.0
0.0
0.0
0.0
-5.760000000000001
0.0
2.753711999319265
8.695658133479396
2.822796555563948
3.595216425656384
12.996915467136459
9.853845863243025
5.7119128340877685
0.35647203732996924
9.532372060559833
1.1875020056732937
-0.9631548151529064
4.089253571026336
3.966956117483655
5.071316117481791
-0.4094709509121248
4.122108112036834
-3.5126019327396976
-6.690234692667501
9.375141312845857
1.4002859682317483
3.4679118131651334
-1.302655186477374
1.1566972512358822
0.5322800589901142
-3.2208364876290316
1.6864693833099214
-1.8066043824295144
-1.9040000000000004
-5.9972321595816265
0.0
-5.103396615247276
-2.585729304595696
2.65411921879668
3.782369915352098
3.7356793795481713
-3.2
0.0
-2.4000000000000004
-1.9212116109496282
0.0
0.0
-1.3416248411192275
-0.569472283928345
0.0
0.30422648565673177
-1.0717578915659043
0.0
0.0
1.9521177140299186
-1.6486188114746145
0.0
0.0
-1.2000000000000002
0.0
0.0
-3.95087422740482
2.9593234076234776
3.0862012811052217
-4.575500741966033
-1.3710395117459127
5.24155402405294
1.2496198968980547
9.7567007403486
0.2857430755931099
1.4676362143938055
1.0079851358821865
-1.2270724155967594
0.0
3.090029975219694
9.078774510920173
-5.157782485323626
-6.354855875105873
-4.340443817583651
-0.9876447284917029
-1.7981857841899864
-6.786998054170997
-2.6534617108175906
-6.156909818627252
-0.3822628310959444
-3.6042153802438794
-1.2000000000000002
-2.5591539286387732
-4.310397223520892
-4.907907235873141
-3.1018838301942546
-5.161422212967095
0.6721583767673338
-2.858077575036246
-2.3842469249828038
1.2967525526195804
0.5531773930990886
-1.0931064674813538
-6.960000000000001
-1.6913280839858067
-2.0283162375626422
-3.0592312574127334
0.0
-1.4760547483297337
-2.869819980579629
0.0
-2.0
-1.4228686259824161
0.0
-1.1387283813272302
-1.1504815531420325
-3.37947592950771
0.0
0.0
0.0
-3.6482263535929778
0.0
-3.2
13.26305072908593
-2.4241013798902618
11.021580694143285
10.018168807407571
-1.1727012572286266
1.0109801713298892
11.234782549290719
-0.3843096947245557
-4.4
4.994963670023344
2.451550394037985
-1.546693466663538
0.5336964077535276
1.0405317026667937
-2.402368569491305
-2.088276775665567
-3.3889283874114047
-5.6320872826792066
-9.150648130746129
-6.540910384440344
0.5328190218737994
0.798980521637128
-3.14168
2.9974454049060113
0.0
-8.14144277611899
0.18535212909463472
-4.720405131300568
3.7413715251829407
0.6406441030496532
0.1655606722902146
0.0
1.536858320794095
-3.2562373579146024
-5.728733515242389
0.0
0.0
0.0
0.0
0.24006058078261372
0.0
-1.3205177985209622
0.0
0.0
-7.040000000000001
0.0
-2.0
0.6481254584766487
-3.5647299628644236
-5.760000000000001
-3.2
0.0
0.0
-3.2
0.0
0.0
2.0461850304355833
-1.460707091152903
4.840918257680841
1.773986464406679
6.016687515574687
1.4298489099425342
1.8881994194826435
0.0
0.25760286836013896
-1.6
0.0
0.0
0.0
0.0
-5.649519169391285
-5.935612573378707
-1.2519870978925596
-3.873905361564875
-5.074792548044347
-1.3491324586129545
-4.831761070139004
0.0
-3.3880824907797873
-5.344933645540078
1.8
-1.8394767692568177
-1.850603882398719
0.0
0.43140781602998635
0.0
-2.416907749043507
1.981679046425728
0.605625799423284
-1.2433655022570629
0.0
0.0
0.0
0.0
-2.7
0.0
0.0
0.0
0.0
0.0
0.0
0.0
0.0
0.0
0.0
0.0
0.0
0.0
0.0
0.0
0.0
0.0
-5.192894987929341
6.967312939594066
-1.7741084105736848
0.9608801780195895
7.597376343148741
9.6380362473431
5.87954623913253
-2.530074092948991
5.036303478136064
-3.10018745311894
0.0
3.2446988398102548
1.5815376387671352
-3.436843781919998
-4.40003588056034
-0.24109732481699675
-3.207414275472544
-5.607713042817319
-3.0918759598993413
4.476298372841687
-4.017993009759184
-2.0
-2.805153086264178
-1.2000000000000002
-1.0685068107584348
-1.037213566177913
0.0
0.0
-3.9657472
0.45608971112960167
-3.744875427155974
-0.3895839050512122
1.2866844038275433
0.0
-1.4830483273168888
-7.008000000000001
0.0
0.0
0.0
1.278267259075794
0.0
0.9006838578578347
-0.7821738068205905
0.0
-5.6
-1.4676271183495055
0.0
0.0
0.0
0.0
0.0
0.0
0.0
-3.2
0.0
-3.5
-0.16832275952278175
-3.703890933485876
-0.9720093525308872
-1.9509489909600632
2.602513078758757
-3.4922865581765485
1.1926013787553775
0.0
-5.1469113949686545
0.0
0.0
-1.090843326557193
0.45608971112960167
0.0
-4.592006980333524
-5.3168900767969705
-6.868022532725288
-2.864255725282107
-5.228582413161452
-7.181976394705883
-7.913498505443094
-6.00658745311894
-3.2462704154757533
-0.997664682104902
-5.941178413630668
-0.13761109004012806
-12.72675803173689
-3.2340472046831352
-4.947803951573892
-1.9815199834127453
0.0
-6.625423535888415
0.7790503713482869
0.0
-3.1041679160930427
0.0
0.0
0.0
0.0
0.0
0.0
0.0
-3.5
0.0
0.0
-2.0
-2.2
0.0
0.0
-2.0
-5.760000000000001
0.0
0.0
-1.4000000000000001
-5.740357872353724
-3.2
9.323488972615666
-1.9922286803634197
6.776931263271468
4.081170821795644
0.6337742137594876
-1.4529185705377452
0.9125065333364624
0.6064259635711501
0.0
1.9665888191354068
2.5417311699106087
-1.546693466663538
0.0
0.5564473504932341
-4.571936672457566
-7.504379477826385
-6.066871081011824
-0.6375122934760244
-5.216905839498077
-2.0
-2.582648236259417
-5.6545613800298575
-5.760000000000001
-1.129983315599977
0.0
-1.4000000000000001
-3.2
-4.57266535877126
0.8701255402676071
-1.6051257335956683
4.371143054210844
-1.9917698816000002
-0.5774375638220106
0.21124075593273228
-0.8496727210886293
0.0
0.0
0.0
0.0
0.0
0.0
0.0
0.0
0.0
0.0
0.0
0.0
0.0
-1.8816000000000002
0.0
-2.9875920833107097
0.0
0.0
0.0
0.0
1.5290272886055254
-2.3053058444195464
-2.743475706145821
-3.1758868127750257
2.14648069122941
0.12244090141453912
-0.9751723576080878
0.0
0.0
0.3863665244212939
0.0
-0.6781086299883223
0.3863665244212939
0.0
0.0
-2.6827574648992387
-3.837716139223017
-3.049268081407808
-9.055915862960012
-4.036651154413448
-3.1643235131872496
-8.316251154413447
-1.2000000000000002
-2.0
0.0
-3.7600000000000002
-1.6459590865952223
0.0
0.0
-3.2
-3.890843326557193
-2.0
0.0
-0.6460140125556268
0.0
-2.0
0.0
0.0
0.0
0.0
0.0
0.0
0.0
-4.800000000000001
-3.5043874685095897
-6.08
0.0
0.0
-0.2
0.0
-4.761839775311518
-0.2
0.0
0.0
0.0
0.0
-3.2
-0.4341856347156624
1.5434430165420359
-1.1787911232881827
-1.9774158189181228
9.212580295862763
5.58793330239759
-0.8929588700259512
-2.0
-2.68392227283229
-2.0
0.0
0.0
0.0
0.0
-3.2
-1.7909304669177302
-4.096767269276178
-0.3627574648992389
0.9227934096438859
0.1585071102848566
-2.5377247472312123
-4.606488345600001
-0.5476908597538224
-4.4
-3.7600000000000002
0.0
0.0
0.0
-5.0181342522481795
2.2211808160058886
-1.2736078489039016
-2.3374683951491515
0.42118081600588875
0.0
-2.687140354296873
-4.736
0.0
0.0
0.0
0.0
0.0
-1.2000000000000002
-1.6
0.0
0.683046809168609
0.0
0.0
0.0
1.1251565541710296
-5.760000000000001
-6.960000000000001
-6.656000000000001
-3.7600000000000002
-4.4
0.0
-2.8
-2.257537686870594
-8.64243009335732
0.0
0.0
0.18768376168169298
0.4470232458133156
0.0
0.0
0.0
0.0
0.0
0.0
0.0
0.0
-3.0641871381683465
0.0
-3.7863303320116573
-1.0997110584401921
0.10016052308878215
-3.16290020973271
0.0
0.0
-4.4
0.0
0.20610994592938914
-3.2
0.0
0.0
0.0
0.0
0.5513987854369299
0.0
0.3201284184710258
0.0
-2.1059472672456816
0.0
0.0
0.0
1.5582924782053438
-1.1346162816
0.0
0.0
-3.6
-2.0
-6.8708480000000005
0.0
-2.0
0.0
0.0
-2.0
-5.760000000000001
-4.5600000000000005
0.0
0.0
-6.960000000000001
0.0
2.52700901254353
0.0
1.2146647072745076
-0.48420518483879293
0.0
0.0
0.0
4.75403281065655
0.0
0.0
0.0
0.0
0.0
0.0
0.0
0.0
1.515910039114411
0.0
0.10016052308878215
0.0
0.0
0.0
0.0
-0.04623669860768436
0.0
0.0
0.0
0.0
0.0
-0.8972205715908596
0.0
0.0
0.0
-3.0109615740956412
-1.9314710019258587
0.0
0.0
0.0
0.0
0.0
0.0
0.6000000000000001
0.0
0.0
0.0
0.0
0.0
0.0
0.18535212909463472
0.0
0.0
0.0
0.0
0.0
0.0
0.0
-4.0
0.0
-1.5
0.006718464000000002
0.0
0.07591738707002993
0.0
0.0
0.0
0.0
0.0
0.0
0.0
0.0
0.0
0.0
-4.0
0.0
0.0
0.0
0.0
0.0
0.0
0.0
0.0
0.0
0.0
0.0
-4.7
0.0
0.0
0.0
0.0
0.0
-2.0
-3.690454025604167
0.0
0.0
0.0
0.0
0.0
0.0
0.0
0.0
-2.0
0.0
0.0
0.0
0.0
0.0
0.0
0.0
0.0
0.0
0.0
0.0
0.02152705251695092
1.6298227459147285
-3.4497091112762037
0.08065905889266406
1.6582644532552973
1.981679046425728
0.0
0.0
-1.304322042988006
0.0
0.0
0.0
0.0
0.0
-1.284021019373376
-6.068212496090947
0.0
-2.0
0.0
0.0
-2.0
0.0
0.0
0.0
0.0
0.0
0.0
0.0
-1.7117348353319737
0.0
-2.289890054070611
-2.730626505434148
0.6988342842201847
0.0
-4.765030454066277
-4.6240000000000006
0.0
0.0
0.0
0.0
0.0
-3.2
0.2369493257942148
0.0
-3.498036216939424
-5.549018108469712
0.0
0.0
0.0
0.0
0.0
0.0
0.0
0.0
0.0
0.0
-0.6646394769112178
0.0
0.0
0.5564473504932341
0.2993487744347487
0.0
0.0
0.0
0.0
0.0
0.0
0.0
0.0
0.0
-4.626209828840366
-0.5600000000000003
-0.2
0.0
-1.949018108469712
-3.6
0.0
0.0
-2.0
0.0
0.0
0.0
0.0
0.0
-1.8742098288403668
0.0
0.0
-3.8254849988899258
0.0
0.0
0.0
-1.9890369132611507
0.0
0.0
0.0
0.0
0.0
0.0
0.0
0.0
-3.2
-5.2
0.0
-3.2
0.0
0.0
0.0
0.0
0.0
-3.2
0.0
0.0
0.0
0.0
0.0
0.15069888
0.0
0.0
0.0
0.0
0.0
0.0
0.0
0.0
0.0
0.0
0.0
0.0
0.0
0.15069888
0.0
0.0
0.0
0.0
0.0
0.0
0.0
0.0
0.0
0.0
0.0
0.0
0.0
0.0
0.0
0.0
0.0
0.0
0.0
0.0
0.0
0.0
0.0
0.0
0.0
0.0
0.0
0.0
0.0
0.0
0.0
0.0
0.0
0.0
0.0
0.0
0.0
0.0
0.0
0.0
0.0
0.0
0.0
0.0
0.0
0.0
0.0
0.0
0.0
0.0
0.0
0.0
0.0
0.0
0.0
0.0
0.0
0.0
0.0
0.0
0.0
0.0
0.0
0.0
0.0
0.0
-2.0
0.0
0.0
0.0
0.0
0.0
0.0
0.0
0.0
0.0
0.0
0.0
0.0
0.0
0.0
0.0
0.0
0.0
0.0
0.0
0.0
0.0
0.0
0.0
0.0
0.0
0.0
0.0
0.0
0.8205606728724588
0.0
0.0
0.0
0.0
0.0
0.0
0.0
0.0
0.0
0.0
0.0
0.0
0.0
0.0
0.0
0.0
0.0
0.0
0.0
0.0
0.0
0.0
0.0
0.0
0.0
0.0
-2.5583285178204163
0.0
-2.0
0.0
0.0
0.0
0.0
-2.0
0.0
0.0
0.0
0.0
0.0
0.0
-7.459264955857624
0.0
0.0
0.0
0.0
0.0
-4.4
-2.0
0.0
0.0
-2.0
0.0
0.0
0.0
0.0
0.0
0.0
0.0
0.0
0.0
0.0
0.0
0.0
0.0
0.0
0.0
0.0
0.0
0.0
0.0
0.0
0.0
0.0
0.0
0.0
0.0
0.0
0.0
0.0
0.0
0.0
0.0
0.0
-2.0
0.0
0.0
0.0
0.0
0.0
0.0
0.0
0.0
0.0
0.0
0.0
0.0
-3.6
0.0
-2.0
0.0
0.0
0.0
0.0
-2.0
0.0
0.0
0.0
0.0
-2.0
0.0
0.0
0.0
0.0
0.0
0.0
0.0
0.0
0.0
0.0
0.0
0.0
0.0
0.0
0.0
0.0
0.0
0.0
0.0
0.0
0.0
0.0
0.0
0.0
0.0
0.0
0.0
0.0
0.0
0.0
0.0
0.0
0.0
0.0
0.0
0.0
0.0
0.0
0.0
0.0
0.0
0.0
0.0
0.0
0.0
0.0
0.0
0.0
0.0
0.0
0.0
0.0
0.0
0.0
0.0
0.0
0.0
0.0
0.0
0.0
0.0
0.0
0.0
0.0
0.0
0.0
0.0
0.0
0.0
0.0
0.0
0.0
0.0
0.0
0.0
0.0
0.0
0.0
0.0
0.0
0.0
0.0
0.0
0.0
0.0
0.0
0.0
0.0
0.0
0.0
0.0
0.0
0.0
0.0
0.0
0.0
0.0
0.0
0.0
0.0
0.0
0.0
0.0
0.0
0.0
0.0
0.0
0.0
0.0
0.0
0.0
0.0
0.0
0.0
0.0
0.0
0.0
0.0
0.0
0.0
0.0
0.0
0.0
0.0
0.0
0.0
0.0
0.0
0.0
0.0
0.0
0.0
0.0
0.0
0.0
0.0
0.0
0.0
0.0
0.0
0.0
0.0
0.0
0.0
0.0
0.0
0.0
0.0
0.0
0.0
0.0
0.0
0.0
0.0
0.0
0.0
0.0
0.0
0.0
0.0
0.0
0.0
0.0
0.0
0.0
0.0
0.0
0.0
0.0
0.0
0.0
0.0
0.0
0.0
0.0
0.0
0.0
0.0
0.0
0.0
0.0
0.0
0.0
0.0
0.0
0.0
0.0
0.0
0.0
0.0
0.0
0.0
0.0
0.0
0.0
0.0
0.0
0.0
0.0
0.0
0.0
0.0
0.0
0.0
0.0
0.0
0.0
0.0
0.0
0.0
0.0
0.0
0.0
0.0
0.0
0.0
0.0
0.0
0.0
0.0
0.0
0.0
0.0
0.0
0.0
