0.0
0.0
0.0
0.0
0.0
0.0
0.0
0.0
0.0
0.0
0.0
0.0
0.0
0.0
0.0
0.0
0.0
0.0
0.0
0.0
0.0
0.0
0.0
0.0
0.0
0.0
0.0
0.0
0.0
0.0
0.0
0.0
0.0
0.0
0.0
0.0
0.0
0.0
0.0
0.0
0.0
0.0
0.0
0.0
0.0
0.0
0.0
0.0
0.0
0.0
0.0
0.0
0.0
0.0
0.0
0.0
0.0
0.0
0.0
0.0
0.0
0.0
0.0
0.0
0.0
0.0
0.0
0.0
0.0
0.0
0.0
0.0
0.0
0.0
0.0
0.0
0.0
0.0
0.0
0.0
0.0
0.0
0.0
0.0
0.0
0.0
0.0
0.0
0.0
0.0
0.0
0.0
0.0
0.0
0.0
0.0
0.0
0.0
0.0
0.0
0.0
0.0
0.0
0.0
0.0
0.0
0.0
0.0
0.0
0.0
0.0
0.0
-9.406732091546528
-3.827631418938681
-13.945374994506006
-9.177135485272814
-4.156895696934431
-5.240470891191647
-9.37067450604906
-10.159495487328202
-4.844522749874234
-9.259230702185196
-13.387761279179355
-1.8632612107396263
-10.051326646538437
-4.989385436490803
0.0
0.0
0.0
0.0
0.0
0.0
0.0
0.0
0.0
0.0
-0.9802226337237854
-2.89450861409261
-0.9048114
0.0
-9.12186443700143
-4.634092008984974
-3.316121458891249
-3.3935129159017734
-0.696944497347808
-0.008282921814000003
-5.810456072987943
-8.218861079971719
-8.973947232393952
-7.974462469305949
-3.8021435306862346
-3.0963572822062013
-8.580093539647429
-5.819847538921611
-0.48664625808170775
0.0
0.0
0.0
0.0
0.0
0.0
0.0
0.0
0.0
0.0
-2.0271355833178353
-0.7326759489578525
0.0
-0.626818896891248
-4.675449900501841
-4.232334894654987
-0.12472326
-13.463804716931403
0.41446055322917497
-13.31401505502746
-2.3223054221790806
-6.266332276348993
-2.6979884455168084
-2.9406050150569882
-7.724882702267342
-16.759499994530543
-5.263060134619327
0.0
0.0
0.0
0.0
0.0
-2.5851417699974917
0.0
3.457242552701213
0.0
0.0
0.0
0.0
0.0
-0.9011901439528889
-2.0
-5.571220303501137
-3.2681585316532717
-4.218141529251223
-1.6980544315486203
-10.114548857713514
-1.4947225509002757
-7.533829082638755
-12.533879347409218
-6.709017617253816
-13.917609966876359
-5.664521575538961
-13.327144789606976
3.057523626732889
-2.9800000000000004
0.0
-1.6
0.0
0.0
-0.5524569492740213
0.0
-8.602068471263337
-2.453656013311466
0.0
0.0
0.0
-1.11420172866993
0.0
-0.31778587869731867
-5.962782460494363
-12.998418901593555
-14.454258681685957
-1.378426554541988
-4.539468547487516
18.448937052031646
-5.585111704904506
-2.4421531434582926
-6.748651586780715
-5.604451366635102
-8.712542845328182
-6.53936307304185
12.339794795526636
0.0
-1.2233135485272815
0.0
0.0
0.0
7.323205705119374
0.0
-2.4378236610181414
2.6900637184649803
0.0
0.0
4.25625758089441
0.0
1.7089543481097949
-2.7426533288001727
-1.3643778058696514
-3.942150039462085
-7.8842297645232575
-4.147719618018379
-0.26180161857215145
12.451236103293631
-1.0500202426502352
-1.2328200181780533
-3.219280771020088
-2.7289772542985986
-2.565545129434656
-2.7754142703147515
9.927148094389146
-7.71121596648652
-1.2801719863813483
0.0
-1.6
0.0
-0.1286835979957511
-2.1350733646709106
-8.980011877063928
-12.259842018239567
0.0
0.0
0.0
0.0
2.9113793903603575
-11.343431443911562
-2.7
-5.049901393595207
-2.1585216446152344
-7.449154625874739
-9.394657206504213
6.816315997328321
-7.535952783426553
-2.026475991563154
-5.21086460739348
-8.770852263360341
-8.23933659647923
-2.85013042543221
8.390779025326667
-1.69
-0.219167947047699
3.3791306726847794
-0.5049159338019624
0.0
3.1164410526119073
0.0
-2.1
-4.302427405915106
1.4405376072875058
1.683746116698017
0.0
1.7084660081955272
0.8036691171822737
-1.8054499566572675
0.8991591205019616
-3.372043279753718
-6.4354652765005165
-5.522101601720259
-6.087742866561606
18.109086120072405
-0.6575419051835096
-3.4089718835255063
-2.092986016254515
-1.8160945989054982
1.3808976078417876
-2.436757366667996
15.588498139068315
-1.9800000000000002
-1.5582183821468245
0.0
3.3355299627421546
0.0
2.7980192136855093
3.102146361056887
1.6757382642289806
0.059298747655735534
0.0
0.0
0.0
0.0
2.749266466312222
-6.567940027086298
-3.6542547849141385
-13.201192759124329
-15.219831411452407
-4.806254533868071
-1.425445546396183
16.747656148738834
-6.093554060399561
-6.0821896621543035
-13.208967558830139
-7.50502319850907
-1.6208397835515287
-1.0
7.6327695571357
0.0
3.2418978826859743
0.0
0.0
0.0
0.9617725572980024
9.556108532606782
0.0
-1.6
0.0
0.0
0.0
0.0
1.5176626021984858
-4.362239589512245
-7.1173888469065325
-5.727435003682682
-3.738434171915676
-4.242728617654947
-1.3306196378802637
10.91925402279916
-1.0506086750013697
-1.6475949883784797
-1.8016076898287168
-6.4619208594074
0.0
-4.178225977000537
17.541422086539978
2.021596036879423
3.9800591934244696
0.0
0.0
0.0
1.5957352828439912
2.9203999746562816
1.446
0.0
0.0
2.003286
0.0
0.0
0.1653138519346583
-9.167945615408227
-2.3037134361625897
-5.1428924534519815
-6.191312649302569
-4.860137125160441
-3.07378229014955
13.978709281355309
-7.013507361802021
-1.6116278637823274
-3.6760516065923583
-4.214997295886787
-9.306836427754757
2.272130409726641
6.4018565539644285
-0.42396000000000006
-0.978768088350777
-0.9618000000000001
-1.122457677901377
0.0
3.6650185766055574
-0.9919873535437334
-0.6000000000000001
0.0
3.089035109634815
0.0
0.0
0.0
1.6203380813536472
-1.4408397426667499
-1.4893971636420003
-9.969590336031018
-5.586154198294095
-4.944964355910722
-4.7066521458186
18.927998862330632
-3.578109113499945
-5.678434982641834
-4.747563905876659
-0.05674045113133855
-1.6217556735609078
0.0
11.128379460379639
-0.12388375472573698
1.7661753882581164
3.9430457952523863
0.0
5.3960930796860005
5.439313926717691
-1.7240530639948652
0.0
0.0
-0.6000000000000001
0.0
-1.6
0.4682264785634894
1.1124347027425605
-1.6228411530210995
-4.999435689221129
-0.8222475919719661
2.643172482633685
-8.678817375021318
-4.591063692898681
-0.5079025008405393
-3.236954629807661
-1.6574998361672335
1.2465850854817275
-3.3829077041167666
-1.2739013231412604
-1.4725179295518007
8.457088324275997
-4.510721577429803
-3.499501797664354
-1.0507190187941553
-1.6230672318288477
-4.2045975759834295
-2.9185043370535064
-0.5518875013995241
-0.047836514321380696
-11.30776766733524
0.0
0.0
-1.7151304131133904
-3.608934298349883
0.8516709950767345
-8.408721765503254
-6.424178056812639
-8.303566968098345
-6.595496260842873
-4.822036042915374
-4.88574455689329
-7.737828725154296
-8.617294030302954
-0.5709450610848087
-4.132038628473849
-3.0041507354863417
1.723995024466104
-3.11702250645094
-4.11354712108975
-0.677836455305132
0.27120640889306236
0.0
2.849523898409484
-2.104481692412257
-1.0
6.915621020453024
-4.0056
-3.707122035477994
0.0
0.0
-7.1214439057481504
0.4091650717447335
5.668745697210525
-6.538438052730669
-4.993150219181464
-6.760182697945735
-5.3763890317114384
2.175548299840187
-5.148612149383779
-4.340437019663167
-1.194
-6.579179327840418
-2.22220525139169
-4.35692735182684
0.21077412217408076
-7.955573351689848
3.442830229832227
-2.030464308406483
0.0
-1.6866944321091926
-5.885308459041418
-0.06605168545650014
-0.6000000000000001
4.751268041444424
-4.57284554603201
0.0
0.0
-2.9373679835783433
0.0
0.0
-0.8046189397355796
-2.307660279345222
1.1084788693250336
-9.464091098740724
-2.264317532815846
-3.433929417259217
-5.479955792875473
17.461299001508152
-0.2690029855019402
-6.069682565296112
-13.330497549412518
-5.834092752813511
-0.42270105816696524
-5.073159718314119
10.999267606251866
-2.2503416033294954
-0.5204042424266777
-0.6292029299161397
-2.2095009311549476
1.796682088698399
-1.6
13.405952330361915
-2.5056000000000003
0.0
-1.0
0.0
-3.199819364416259
-1.6
-8.48781749234156
-5.267862377111936
-6.6851867218540555
4.255677820902475
-2.967515546014673
-8.828910544486599
-9.331190099096363
-0.23011651701704805
-1.6188604568941831
-5.662666476486949
-8.055178508858166
6.31130833003799
-5.278892692890213
-2.6411591492651927
-0.10534267521817009
0.0
-1.9811968039004726
-2.9583070836229397
-1.144
-2.5455271069895664
-0.7646113047956054
-2.887393172673993
0.0
-0.23952420954848364
0.0
-1.5413596439108226
-2.4789315923395114
0.2490424591773099
4.290311770602518
-12.720272586177922
-9.574335132263684
-12.233020517588649
-10.342483748568469
-8.643172512737644
-8.783096087835295
4.096294783535152
-1.037779844821552
-2.702733243771986
-6.229993057058624
-6.596029354131477
-0.47585095838224456
-9.222926067417351
8.237372718164943
-4.101412096107116
-3.2764289820781025
-1.4604176496890862
0.3320530318776962
-1.0173442789445832
-3.050478134598948
3.2387024082129923
-3.9854616099606064
-1.061014259050834
0.0
-4.531470135531878
0.0
0.0
-5.287409206846411
-8.88674789409821
-0.9693323921371942
-8.709151689964367
-6.345342396899632
-7.146001214153892
-1.208965056191453
-2.791583957610669
-3.0922821655530837
-6.2004025057892935
-1.525845735066933
-0.6688562408921974
2.176669829402366
-5.88839450257171
7.7718111532183105
-2.3480147126829904
0.0
-1.8461481609600854
-0.5450273756386415
-0.6052334592634289
-0.6317139044801401
5.188870943138031
0.0
0.0
-1.2387075335250548
0.0
0.0
-0.7834386538833858
0.346735496458086
-6.41842214817433
-2.717124690531521
-7.355568921446219
-6.168346187640037
-12.03003781167882
-7.019352804540379
6.52010937026486
-7.201770760644808
-5.79789458710664
-0.5371035019036831
-10.154862268979835
-3.0878352310000343
-3.866684133681226
6.580214744163704
-6.507501557469665
-1.8213278987234345
-3.530335055260749
-1.645543473182423
-0.9929390839617679
-3.154465690512401
11.350623708083138
-2.859658365640857
0.0
-5.412549733520367
0.0
-1.392786260076631
0.18314609601141726
-4.872165699658634
-3.584883265991997
-11.142406628087103
-7.0386103720484945
-8.047358437474411
-12.713365344504705
-9.545371744825005
2.9058996809409217
-7.0762545694457915
-6.5980096206791785
-2.477360842928232
-3.42356819442528
-3.66478890521641
-5.948307431014568
-0.4748345457634844
-1.252
-1.7440000000000002
-0.9286302818486738
-1.5740796600046374
-2.9109476957098392
-5.411042285225103
1.3216946982776072
-1.2000000000000002
-2.4309914995451285
-1.024446640902
-0.07489145500613781
-4.816285578012551
-4.3905534880833645
0.3350060915297908
-15.865792758239785
-8.062741791262775
-11.701916547606174
-12.150184085126902
-9.317492626358405
-11.274273296722459
-4.540935565292147
-7.750098178346065
-7.678645048848311
-4.747854049476413
-9.366675215019969
-5.65107542750879
-7.379584057981539
-10.829418661639181
-7.495228376720164
-13.635552285734816
-2.632751788074701
-4.769112206702566
-2.1645626884593154
-8.312489654923157
-8.829612349185096
-4.524106405840744
-6.886945628788903
-8.206379588283646
-7.399375497325224
-2.0374050607576804
-9.011512820336437
-3.21008378438776
-7.75695866996933
-7.412757339612645
-10.765427910416477
-8.448983363835842
1.1806452596462114
-7.03890759701155
0.1234374976402024
-6.530493391132737
-5.456236594416377
-3.1216301112937725
-3.0153814582770178
-4.868835139151657
-3.100332105115852
-4.039736002556049
0.16316729306388017
-0.7472821459786361
-4.47326212135384
-3.554804786872651
-1.8343215939126862
0.0
7.535087620349561
-3.134567317143201
-3.891408934907488
-9.702029425357415
0.0
-1.9051896201940215
-1.2756307795082906
5.523038380417056
-8.002996793889613
-16.74230188113681
-5.229206005529633
-10.102617280606875
-12.803458362261596
-7.808798939030813
1.3950674267750793
-5.092544606164434
-4.976278537522613
-10.31837465823422
-4.7085704687223595
-9.688340119525533
-5.548800292755003
-6.7148084332072155
-8.154799563418855
-8.796459986978114
-2.978966538957093
-1.7128700244038877
-3.3015192584332476
-3.6066915161151036
-11.843509208803974
0.0
-11.175552195636396
-3.0771161361975814
-1.6607056155092783
-1.5371026873052074
-2.4991397702290756
3.5357152829397998
-3.9400286035273377
-7.282879008233416
-4.193503352380847
-11.304742699394708
-11.474341818271592
-11.457229859815161
-2.340707369703796
-4.748386065665704
-5.930927153976626
-7.389993114762063
-5.837328976966773
-7.865285749361714
-2.9047128412017758
-4.688141977189483
0.0
-6.350610068900795
-5.5007544536167
-1.2585627200882514
-6.962654546166651
-1.9522347972940357
10.012644496978556
0.0
-9.344029535891114
-2.393632044926115
-4.719907879333154
-8.755045166627642
-3.224122534434736
3.438358613774419
-15.7442469922074
-12.69824739167166
-12.557369735955662
-15.270379256915163
-13.380548949013322
-13.04682365146995
-7.269414928820763
-5.1618029059778525
-5.816792720838258
-4.6123612398182035
-9.677750884924244
-4.7019650212300625
-11.401475776587855
-13.72691019641703
-2.1746653093347015
-7.072741390405799
-1.2823982954114665
-5.317312434557647
-6.896368834747779
-10.10104905272977
-3.7801036069431477
-1.5358623146940014
-5.101349152828708
-3.831445230460095
-3.6313908107016335
0.0
-4.985827864268116
-5.765192631368446
-5.92312875876301
0.32002168133203157
-6.832019435309466
-12.251384926024624
-7.7248382795557
-4.073558398087491
-6.114346910053859
-4.108246386238141
-12.34892712363881
-8.927906649838137
-5.749732551707464
-4.60252865605991
-6.563355082661947
-3.8446667981082987
-2.331462512231024
0.6524846202351708
-2.3262468927850235
-2.9765194522503378
0.0
-0.4933621402265087
-5.33908639987797
-8.51593642484
0.0
-1.7098149739568915
-5.009050629054695
0.0
0.3248733284227529
3.989945348226921
-10.281037007866493
-12.060476602090972
-13.632011364616986
-11.844707178121936
-10.163359678618985
-9.136744040779657
2.667856206045397
-7.26001554450478
-8.824635429709259
-7.183484400132721
-6.456025474297837
-7.211227683844946
-3.8706543808562404
-7.770299031724698
-4.682812005738671
-2.9891992485636765
-4.568788362899324
-5.285187495961594
-8.500754481803021
-4.011632847164693
-6.386058173479057
-3.2455185853138535
-5.248745914359661
-5.335727292446199
-13.400158693134541
-8.061858892325306
-8.70787310944889
-0.18362275659054972
-7.988924923755092
-12.108644803956961
-4.163711608550822
-4.005609738996407
-10.181834793282603
-13.09115205327539
-4.817620998133812
-6.771369214960359
-3.0483594960534046
-8.732411048545451
-9.724119571537079
-2.8437251258355096
-7.335284341341129
-0.049276900838850946
-0.637221923514097
-6.409207182209418
-1.92084958903353
-1.0
-8.481288559504208
-3.9024711551831675
8.546713802469272
-1.4754
-8.966546800242496
-2.8760436068899757
-1.7551974706596905
0.9653350703071073
-1.0532101207489692
-1.8502333643561135
-13.742078246694923
-14.982967875614573
-11.345209197972343
-15.007484608633202
-13.14837244205768
-15.657414643560896
-13.572886086945163
-4.312064605691483
-7.586192908712383
-7.398089003850343
-10.146226625793199
-6.096358538955733
-15.749306945818295
-9.693514712154201
-3.1627680106342098
-8.586413684764658
-5.308935842430169
-4.273297145077106
-7.214996281859383
-6.484359172040343
-4.237994811806268
-23.894052845802197
-7.347456207529964
-0.2120962349444239
-5.803951545538666
-2.150211548396745
-4.8286238817444325
2.391242493269727
-8.927621497831757
-6.850428951468599
-7.483173595013071
-10.791523287871044
-9.582839985947393
-4.154583295782091
-13.18766330438424
-2.0459110052946503
-4.004869075130134
-1.6192862907567636
-2.303564721153869
-1.8230955509055748
-1.1352972255102516
-4.190685473660687
-0.21189954134455113
0.4464000990428041
-1.0
-4.802473265703866
-6.030021667556147
-1.6
-4.644398751275586
-0.654
-0.7953404221568711
-7.404282583557487
-6.4371552221315405
-1.5338065369155716
-0.5820368092341183
1.809343698564683
-13.945653808830276
-11.126478592701444
-9.288540038417453
-14.150189688109505
-13.179655715088831
-10.94230019380033
-11.78013347405577
-5.085055774596142
-5.992759592943593
-5.231270604484616
-7.1046614526857965
-8.416143116078308
-5.486453545748341
-2.9258564531647004
-12.152158694914249
-5.407616583800733
-12.151047460584422
-11.803568227717046
-5.258729632492203
-7.237166623450735
-10.607283126742502
-10.18423921187822
-3.503038653345946
-7.1070576505763015
-7.70909962931291
-3.755033267434011
-5.351864439860705
-0.6562941147945067
-12.127503344468344
-14.135951823363586
-13.429947086413092
-11.100234265903454
-17.47320041365123
-19.760609120370468
-13.593623483460917
-9.215716519085097
-16.806729733855068
-9.568901759447181
-11.042364465547623
-10.284331722436967
-11.681611776438574
-9.968703099896445
-14.629641375808554
-16.218450955334568
-18.654747455466282
-17.12302985420106
-15.560126258594433
-17.253189506259314
-11.296416137518085
-15.994834132568595
-14.69143403297499
-17.880624022614857
-11.805442380318906
-25.940241690112103
-20.91222732531852
-9.678799405397486
-18.309344182656975
-18.967084912809714
-16.971794685267913
-15.87583207103989
-15.013430414088752
-18.62942678402259
-16.578642295858963
-15.889275617108517
-17.453096156681607
-16.51819195559614
-22.31317594850796
-17.51661386126922
-18.82056740505498
-20.40070691858618
-23.263265917851488
-25.921521938664437
-26.434138340912032
-23.80663811221269
-25.83212636843438
-29.420971115753943
-19.743117602564194
-35.56624057486482
-25.899928252974746
-26.60602849241535
-30.859679906433524
-18.005790584552404
-29.12597392878162
-17.325398752876133
-13.587090242055757
-12.470491601297148
-14.946607982934085
-17.088754600819893
-11.329076720079266
-10.478394825068827
-12.283830744459696
-11.445563314957901
-11.211013001012745
-13.840341382680784
-16.629505164270025
-12.81856274295785
-10.802853449271783
-10.450185766156876
-13.445558097526547
-11.527515866913678
-14.542400767201876
-13.935437942180043
-12.180271956516513
-16.043946278327997
-9.773964645736447
-10.6399812188958
-1.876772770319042
-15.670353854527114
-19.143746055154583
-11.812282373460537
-22.99573173883653
-10.895121644545936
-15.395841350891521
-17.043620052545464
-14.493417877914737
-22.259497858677644
-15.76893856314397
-14.480721837687394
-15.33384427400125
-11.877190550003286
-11.815909278952812
-13.825179819446054
-13.293289154246974
-13.861931522752748
-11.93637692989094
-17.237357471104897
-23.175104519586025
-27.016131113210406
-27.39660069632471
-24.701228947260955
-21.016136730991896
-23.386676140454107
-20.977621104718686
-29.087093396597705
-26.868055035560488
-27.114088767444123
-26.987911586283992
-25.64637598432665
-28.40857190373946
-20.380847182566225
0.0
0.0
0.0
0.0
0.0
0.0
0.0
0.0
0.0
0.0
0.0
0.0
0.0
0.0
0.0
0.0
0.0
0.0
0.0
0.0
0.0
0.0
0.0
0.0
0.0
0.0
0.0
0.0
0.0
0.0
0.0
0.0
0.0
0.0
0.0
0.0
0.0
0.0
0.0
0.0
0.0
0.0
0.0
0.0
0.0
0.0
0.0
0.0
0.0
0.0
0.0
0.0
0.0
0.0
0.0
0.0
0.0
0.0
0.0
0.0
0.0
0.0
0.0
0.0
0.0
0.0
0.0
0.0
0.0
0.0
0.0
0.0
0.0
0.0
0.0
0.0
0.0
0.0
0.0
0.0
0.0
0.0
0.0
0.0
0.0
0.0
0.0
0.0
0.0
0.0
0.0
0.0
0.0
0.0
0.0
0.0
0.0
0.0
0.0
0.0
0.0
0.0
0.0
0.0
0.0
0.0
0.0
0.0
0.0
0.0
0.0
0.0
-4.867194209040001
-2.4601084442637404
-3.180150615052338
-5.749385555059511
-2.0676197593513637
-0.3739298480003396
-11.507922500581161
-11.865921186892516
-4.8589799841391486
-10.294175292013815
-9.082392042553964
-6.685671154491283
-3.990943233558897
-9.593442848710353
-3.6491844481398217
-2.2
0.0
0.0
0.0
0.0
0.0
0.0
0.0
0.0
0.0
-1.6
-1.2000000000000002
0.0
-1.9122000000000001
-2.174820587933301
0.2947598044915471
-0.6805167814152395
-3.133907810221656
-1.84197909500991
-7.9936646855719955
-2.9219585545737248
-6.565559491806703
-2.492572306983136
-0.8091568880990984
-0.5316412284447132
-0.6825398100000001
-5.684777883856032
0.0
0.0
0.0
-1.6
0.0
0.0
0.0
0.0
0.0
-1.1362767753273457
0.0
-1.39945798939043
0.0
-0.2451356391343015
-3.85
-5.765340166644516
-0.7357811163151258
-0.8086173187518878
-2.7185521271974133
-5.942098507446628
-10.622546246379743
-3.1664662895644913
-14.903588381368643
-4.281213732754905
-2.874931481884359
-5.447933174876089
-7.496727943698234
-5.58152590907255
0.0
0.0
0.0
0.0
0.0
0.0
0.0
-1.798
0.0
-5.833805176100581
0.0
-2.1085169688363115
0.0
0.0
-0.7555130551721037
-3.685892818514601
-2.7500712485260648
-1.2382622936708398
-0.05584350871965604
-6.040960062643003
-1.895341019299385
-5.6479030443236535
-8.885733856081842
-5.4694714696466304
-8.47027427625056
-4.2594103922361235
-3.675271782418853
-10.223335614212383
0.0
-1.6
0.0
0.0
0.0
0.0
0.0
-0.7501359113249388
-1.2202412308570052
-0.8831856902368855
0.0
0.0
0.0
0.0
-3.0059098266549
-1.673522416628545
-3.559496080652951
-8.071126601419122
1.2227139339309323
-0.9116816254977462
-8.172376385862972
-3.13938744
-0.3851748095326687
-2.5857870000000003
-1.9051863619379974
-6.726302537102387
-5.678311669947371
-5.216280370788407
0.0
0.0
0.0
0.0
0.0
0.0
-1.144
-13.531442921472784
-8.452362393555157
-1.0
0.0
-3.7588191435298173
-1.7239008645863714
0.0
-1.2384146040993227
-1.3920225167092668
-1.0633629559943025
-1.0994993461928213
-3.8013171777198163
-2.9544260623879635
8.458616627735909
-2.6
-0.6261427359669409
-0.058683703161696625
4.671442918937957
0.23000598130883665
0.0
3.706681633096894
-0.03922580296491034
-0.031604902953632184
0.0
0.0
-1.6285493618815625
0.0
-1.2471913571229447
-1.362
-2.0
0.0
0.0
0.0
0.0
0.0
-1.897435968258761
-0.6060862296069328
-3.0720534954670065
-4.046073921893218
-5.434040241184693
-2.79134480257881
-11.070994511471733
-10.206432434754648
0.0
-3.621668307718032
-4.56586443527382
-4.6810649002740545
-5.481885193669653
-0.8325870641464612
0.0
0.0
-1.6
0.0
0.0
-2.5129023301893234
0.0
-1.20486
0.0
0.0
0.0
-2.6766380219934787
0.0
0.0
-2.0964991520147644
-2.566126403358344
-8.671664589979372
-2.4156488283217694
-7.841908622830007
1.1102668233029975
-7.857166372336041
-1.9122357583556717
-1.761379512461876
-1.841757872237052
-4.16772573438958
-3.169505913434729
-2.824854344441392
-5.982701334359165
-1.6
0.0
0.0
-0.046046166817850766
-3.85
0.0019290138916324068
0.0
-6.309751642994021
-5.275186538454825
-4.860975164299402
-1.6
0.0
-1.0280342008471959
-4.010970963480285
0.8986916465114326
-1.9378009706144086
-0.9289548295506522
-6.191226773871227
-3.1367110865611156
-1.990741926441362
17.07811874755803
-2.978745704030705
-6.777581718051837
-5.773018606738405
-3.604699018375577
0.0
-1.9155065061096574
8.881831198241489
-3.1807946885811327
3.086010683065412
0.0
0.0
0.0
4.179239023022979
0.0
-3.0725586600000003
1.0727387249942493
0.0
0.0
0.0
0.0
0.0
2.26139505785907
-2.2452162500538435
-2.842667551037806
-0.49935238098752643
-2.298202636382131
0.29639130240262623
21.1942893019585
-1.352221519990507
0.7862372617480238
0.0
-0.07864978029937687
1.1800820826041238
0.0
13.952014754180976
1.7753979985111805
3.1998564139492114
0.0
7.009410594834662
0.0
0.0
7.819863109839158
0.0
0.0
0.0
0.0
0.0
0.0
2.954975967150519
-4.6008746240232234
-4.863888190903434
-1.5962494126349547
-4.684549016847807
-4.8333603453134675
-10.510535438090155
0.1101888250634957
-3.4330843388965895
-4.866603923347764
-3.514179182778761
-4.543436992307197
-5.358965971128022
-5.3521576511614555
7.024893364047729
-0.0578535606849051
-0.3784854606690925
-3.85
0.0
3.42644043906038
2.8496538033522834
-4.859379964590136
-5.0056
0.0
-1.6
0.0
0.0
1.0289219087803205
0.0
-6.607291611911174
-6.593286147504579
-5.0201144592495215
-6.50996744512918
-2.2422770585386527
-2.073259658623988
-6.196830595111105
-3.8306701582711833
0.2629684857713352
-1.191148924102572
-0.7035557869000062
-2.3283857503337746
-4.7153098032031
-7.493123257527974
1.437677181871058
-0.08172900000000001
-1.14894442
0.0
0.0
0.692300016763332
-5.9827775003755015
0.0
-7.606261680311109
-1.6
-4.377904
0.0
-3.759828105628859
-6.818768932279535
-2.9574994865989503
-1.6312579307335826
-6.048511344275456
-5.888919393797929
-4.890602836374932
-4.313876699887157
23.783066781516844
-7.500513495988434
-4.586347496414129
-2.137424320651151
1.0935283223306085
-5.158293040662193
-3.251030081507396
13.62935572830803
0.0
-3.5166486863635256
0.07219335889280187
0.0
0.14443608617727954
4.002324243243213
0.3792490779519153
-0.007572118056568333
-2.7974430845813103
0.0
0.0
-1.047203128926544
0.0
4.4656760258034645
-1.942283154705466
-1.327007257645178
0.14553243425192186
-0.5480188761840639
-3.5989341512377706
-2.7822979904721854
27.98735408350272
0.03046812534288726
0.0
-1.086
0.0
-0.5553783388116653
-0.8770621766001617
27.411066616977156
-1.0
1.737655629913376
0.0
-1.6
1.0132002592301812
0.0
17.689848304977737
-6.405578200000001
0.0
0.0
-1.6
-0.6000000000000001
0.0
0.0
-7.018992661972441
1.1517275280101331
-6.8633784689751485
-5.315243167987486
-5.23051865656948
-3.5046264648522527
6.338848449660513
-3.1553301509724756
-6.936717923215293
-5.547480116064828
-2.0922526900473604
-10.366103338429157
-7.851390303857117
6.389276220094387
3.6498134353247313
-2.7498998590699077
-0.49232352174660365
-0.8972217486061109
0.0
-0.2622273110578201
-0.33977340000000006
-4.182475845849492
0.0
0.0
0.8689053056862286
0.0
0.0
1.8804794915088603
-4.741361147179129
-2.635140087782239
-4.90955734152186
-5.517325973708038
-5.046035562361153
-5.213896471789505
-5.103834420302541
-3.6664312046089225
-0.5507341298525975
-2.111488466461248
-8.621901866383848
-2.6197331328624944
-4.993857832458924
2.2959808824318757
-3.2004892266372
-5.132294444847455
-2.725630954132604
-0.2887836139151219
0.0
-1.6
4.589601788281896
0.0
0.0
-2.94014348907
-1.6
0.0
-2.0565
0.13550911451603964
3.199715486843874
-3.9012900084704363
6.534951985778082
-1.7755969924494666
-5.933579057737513
-4.002968305430947
28.294673979640457
3.2636655401683843
-0.63922405446
3.6598697210458715
-3.2945737365997045
-0.5256422887615388
-0.2982466585626544
26.105466142719386
-0.4454986752652541
1.674121564071269
0.0
0.0
2.5997883125148964
-0.5917454225407526
9.930434714531465
0.0
1.9952435568945661
-1.6016720139394427
0.0
1.364685298244896
1.770718118573157
8.108546734825282
-0.8170007880277868
-5.685728058825373
-5.665414580573533
-3.863661912950109
-0.9773146680904589
-3.615608205413683
19.58463847238
-3.595769305293879
0.22349747313540536
-1.101904052228477
-1.0811680822194885
-0.9371831004265586
-1.5362905954758115
26.687361905660843
0.9472059005935591
0.175806075890457
-1.3074641760760741
2.7746988927638734
-1.8909654820945827
2.6800958184800936
8.208931610978043
0.0
0.0
0.2638204635090098
0.0
-1.1375342219082487
-1.455476789289597
0.5952142869677464
-5.61499590404186
-6.376623473903243
-4.051019963511157
-5.699034129335761
-3.6164985352471213
1.8541127961168653
14.913489551365693
-1.672961134336815
-2.1109649426126955
0.0
-2.818320640481978
-4.80378181405133
2.249851971380979
1.6811058972041122
-7.648477749563057
0.9499432542108939
-1.8821870416124153
1.645731053509254
2.4270011842645696
-3.7763702883514303
10.114229138611323
-11.48669324252093
0.0
0.49267692097396365
-3.656000480372012
0.0
0.0
0.4273949881446031
-5.2254325386181755
-6.935342756717663
-6.4884369172151075
-8.057357293589238
-5.731986674322931
-6.4231333468749545
-10.148204219054382
-3.564165229336739
-3.058303057192962
-1.5583006365598915
-2.9907870128758582
-1.5581766665287504
-7.348681919855145
-6.756614694716539
-17.94853043374989
-1.995589403435301
-1.0
-5.5746525867284
-0.6144810004697254
-2.469996605073037
-0.2342103033234988
-10.472792913149053
-0.6494056423272683
-0.6000000000000001
-3.85
-4.069556498827471
-4.847985611686231
-0.1754311776548687
4.270504877853414
-7.815927889061736
-0.3074657464581697
4.07249895186151
-7.6819916635373335
-9.612798141705731
2.959817188414931
-4.297522922653704
-2.1
2.3417127801585083
-2.243797024417376
-0.4989052604782641
-0.26381856785068486
-0.5581497415537378
-5.907849915908019
-3.18
0.95017536960093
0.7549743624094643
0.13741218016130718
-0.04269855316673432
14.669735738081261
-5.2740128015800005
-0.6000000000000001
0.22361495605921644
-0.7258781583186553
0.0
-1.3731420553315175
2.75305301588212
-1.0205271764924086
-7.133646893354793
-2.9965528688115937
3.9955485247250433
-0.5980797965148117
-2.9720391669398536
6.847302764599712
2.408475832663476
0.0
-2.6278987757364844
-0.48985143801780356
-0.49771868271502673
0.4456143050856026
5.624520003565097
-4.363464260021041
-2.2179450222383315
0.37208584580538406
-3.029696859061369
1.673199253363434
0.35173329402692344
4.671546411659472
1.035542569862929
0.0
0.0
0.0
0.0
0.0
1.1
-8.655104534809755
-2.6745412469571193
-6.53739294344861
-11.122798320222913
-4.074957039315065
-0.8755104929616762
6.792934532356761
-1.997466513767705
-1.0656970137017607
-1.0904190761696388
-4.494015277004304
-0.406664765060299
-2.9751589452429923
-3.0173926700593294
-3.895810226889041
-4.246555313638748
0.238478317591091
-1.6512753851771425
-1.568688844554604
-9.223271998856214
11.495039679957435
-18.77364364509704
0.2253436285658721
-6.545797407124754
-1.849639068883521
0.4324197468954754
-2.4154733463904163
0.8227476196209831
-8.064343096881196
-6.380089309713908
-9.121134804345449
-8.683153105582665
-7.0088342160632955
-3.1107325336045974
-10.67332466041676
-2.672617331803945
-0.8159292421766845
-3.851731081501568
-2.0705093025411765
-1.0180819202374916
-1.662438243827075
3.3266984157407564
-3.4333135628277978
-4.08608560333976
-4.319619074128111
-1.9915929231528056
-4.10918520522308
-5.588320978110355
3.3577580428859237
-6.8436688976577456
-8.04710844
-2.5696000000000003
-1.8497038186383035
-10.17447670691925
-5.882155585174413
0.0
0.3529875624002425
-1.3302923721569788
4.418047908438028
4.679114305565925
-6.585048859467111
-5.27794987795986
14.491535762107503
0.44053098352120335
-2.258133931741997
5.253484191728738
-3.043019717430783
-5.273060568820081
0.0
5.692357769096308
0.7975921276258321
-0.5867446922359363
0.0415989853388359
-0.584390300565196
-0.47253411985751276
-1.199870786085306
7.216290921251418
0.0
0.0
0.0
-2.7246400000000004
0.009890206854620307
-2.002956691122063
8.659723104554544
-0.4253747573980172
-5.863756991069614
-6.013447536023576
0.3154476698948602
-4.585991048300839
-4.733927731819065
0.030877356746712437
-2.7985077128262983
-0.6441722536213311
-1.8314656952748583
-0.6620659129819331
0.781310467742176
-1.3319974694116632
3.2177755819218
-1.0
-1.1105965051302835
-2.7169126783971
-3.892199960630155
0.0
0.0
13.164204329670804
-11.98286959685825
0.0
-3.7356626824
0.9858782539586921
-1.403452285839321
-1.6
1.018745344383953
-9.239421837130074
-6.330273965956433
-4.77180628512517
-9.688309980510207
7.295319901570847
-11.074010898482081
4.576287017873639
-3.4818024590625014
1.4622388589295747
-1.0628351472818713
-3.483749669630703
-0.6714292328777662
-1.0980000609178155
-0.31333092002513435
-3.589812206507248
-0.7657265623097751
-0.6701986355956646
-6.284997022772068
-2.3809197694549935
0.0
4.191095499849217
-23.051654906436603
-5.303768509937724
-8.16238186129215
-3.8814428438813113
-1.2000000000000002
-2.0636834502182886
1.8101846354117028
-7.336127842499644
-7.517346427296654
-8.751502245186687
-11.009173473617752
-11.330566526251594
-10.263917493762076
-8.548547479236257
-3.092131035098137
-2.0478864135075803
-3.230637976303162
-12.080974156596538
-1.1824193370153055
-2.661087150820207
0.1544906483911289
-3.1691252792256197
-4.605563024956594
-3.625436724442752
-4.7921589152090185
-1.3508143007960867
-1.0339669061373546
0.7165736122880073
-0.928170014215015
0.0
0.0
0.0
-1.6293039211181597
-6.493545648176359
-1.570307293151355
0.7227416527560839
-2.5794685511428916
-5.344231261210359
-1.0991579263182651
-12.39127736645983
-10.263896577475382
-0.19424588525689668
-1.3404410901096453
-0.840330494210307
-3.142916551874461
0.05241454046573346
-1.922626193550693
-2.5397916015179494
0.744650923344703
0.0
0.014876102839307924
-4.261138456841184
-1.1998365407990612
-0.9042519455126674
-1.9819910620498769
9.089149910327459
0.0
-1.2687306259495834
0.0
1.0978427992949933
0.0
0.0
7.007136957077632
-7.268297459392933
-6.879183302324528
-11.694209146865575
-9.85763324697502
-6.7610266543105855
-7.160224693665966
-4.515479766448519
-2.7048296193113384
-2.951187039896854
-2.2683472863804726
-3.1619234994306136
-2.5070097023703997
-2.4329124193156257
-1.5343402754409938
-6.9348567705850686
-5.705935829798832
-4.956577081133296
-3.24670839043988
-4.530706170398533
0.3759782890934602
3.0483791939153306
-6.3046384
-10.215937873674998
-0.6987728527853403
-1.5229557681114172
-7.903698005296356
-5.333539284656716
3.576676506669272
-5.93004374453076
-5.108123424601287
-6.283164380276628
-9.701460874352021
-1.9334251005969252
-11.282563581585647
-0.5779623096513693
-5.211201801309999
-1.7453197460378789
-3.1433081487673338
-5.036774089380505
-8.246504855711137
-2.590492529673872
-4.093923260562308
-9.742312862549634
1.9799198960067592
-5.657770575069195
-8.631720659593901
-1.59987853626156
0.0
5.018651273426036
-13.324670040556239
2.1850124099180523
-7.225366421745469
-6.132325741388673
-6.224332780063228
0.0
0.7386164205634325
-8.351176593231743
-8.546533190846564
-10.605228324065454
-12.182659650118225
-7.0247899365537965
-9.18866832351075
-10.038814975529935
-4.839618036757758
-2.6040457435025517
-1.7035154303203723
-8.7735289656078
-5.362988513015658
-3.287653226508379
-3.4598066018314526
-0.7025546590897884
-3.042798879151818
-0.28468057696498206
-3.4594196911993937
-5.32561961175671
-8.184090596519146
-1.037958328168609
-4.558999305780576
-1.1152889665708723
0.0
-0.35383562303795907
-1.0
-5.34871916704043
-1.3324378236503267
-9.408821813156424
-12.56503899635533
-6.452725056110793
-2.6921537458025435
-11.289428055127008
-15.951862204362364
-9.785662993782207
-8.42608724335596
-9.452989973827933
-11.277804491555806
-4.2227031668370065
-11.57447008591033
-13.75540571228525
-13.097732148329667
-13.31238009947877
-19.412055564530107
-23.31692043211001
-18.296709723183
-11.322944612169012
-24.369301358577907
-9.768157455548977
-19.086294352081232
-13.661106016704302
-24.654051244874246
-25.168001550256296
-16.452412577030604
-21.96397635247352
-10.353258589685062
-12.920565546502019
-14.871281053635718
-16.52972233783975
-12.119773505761502
-14.202794313133015
-14.32201263323848
-18.21482733690996
-11.345087591844418
-10.289856747248695
-15.053433209560744
-8.78200695790573
-13.932491651180033
-11.090507514336725
-25.08507845515972
-18.734529853611342
-17.958786092834888
-32.776774544974714
-26.580081780258368
-22.576622049097296
-17.522916242502227
-19.044630772152466
-18.893669488050854
-24.146453324878568
-36.40627478028126
-25.77653344684704
-21.324826033701463
-23.765467155496385
-10.100424033753866
-12.86827530913863
-10.883424403596434
-15.855398087877088
-16.16456967329954
-11.931665247107407
-10.221586947847905
-10.720171194587795
-12.352251660440501
-9.836703376722719
-9.45449305337105
-9.52179848834905
-9.260617581714062
-6.871374222440301
-17.869454287628574
-15.423923857479481
-16.01152238793076
-18.258737370803136
-13.00072202162751
-23.350492075002826
-23.19494387429261
-12.860990393769319
-24.744408074031767
-29.194876601735075
-18.15622813489539
-7.0661266735747175
-36.65781634756502
-29.250729965769228
-11.289155290338368
-15.674858170354582
-12.488467692519539
-11.574359440167283
-18.2848251678706
-13.017695290107612
-11.351338087142828
-12.208274502690134
-14.098225987863756
-11.947843077127452
-12.330693603314653
-12.306030733136316
-11.414584596508528
-14.648280447904169
-20.709861295363275
-27.39147241055034
-11.756531555022857
-18.920091180517176
-25.505580593002488
-15.639331143386384
-21.907411110650774
-15.484025065390242
-20.006752705219224
-29.766979831468603
-20.26466509890388
-24.85709956934294
-20.064422905020507
-30.266089793152062
-11.608699787308453
0.0
0.0
0.0
0.0
0.0
0.0
0.0
0.0
0.0
0.0
0.0
0.0
0.0
0.0
0.0
0.0
0.0
0.0
0.0
0.0
0.0
0.0
0.0
0.0
0.0
0.0
0.0
0.0
0.0
0.0
0.0
0.0
0.0
0.0
0.0
0.0
0.0
0.0
0.0
0.0
0.0
0.0
0.0
0.0
0.0
0.0
0.0
0.0
0.0
0.0
0.0
0.0
0.0
0.0
0.0
0.0
0.0
0.0
0.0
0.0
0.0
0.0
0.0
0.0
0.0
0.0
0.0
0.0
0.0
0.0
0.0
0.0
0.0
0.0
0.0
0.0
0.0
0.0
0.0
0.0
0.0
0.0
0.0
0.0
0.0
0.0
0.0
0.0
0.0
0.0
0.0
0.0
0.0
0.0
0.0
0.0
0.0
0.0
0.0
0.0
0.0
0.0
0.0
0.0
0.0
0.0
0.0
0.0
0.0
0.0
0.0
0.0
-1.8252237040508459
-0.708833782440319
4.050585607337805
-2.677490853447291
2.050669748913913
-0.12461202900000001
12.896704157317933
0.29387616866823674
-2.221
-2.5947230509028163
-0.5224743104827172
-1.4056089607376379
-4.171399621905435
31.48194186274697
0.0
0.0
0.0
0.0
0.0
0.0
0.0
0.0
0.0
0.0
0.0
0.0
0.0
0.0
1.6941744943182835
0.0
0.19539669323074202
-3.0097634879055235
-0.014391847935435909
0.0
8.308896157543522
-8.047278342785361
0.5163898635436501
-4.878815725133202
-4.110809912903456
-1.0
-3.561661922653612
7.006286757949638
-4.382277254801126
0.0
0.0
0.0
0.0
0.0
-3.1334478889622495
-13.373247108429958
0.0
-3.5080303009924347
-3.6424276
0.0
-2.3440000000000003
-1.2005684260450287
-0.764714284184081
-3.42876
0.28959935910107343
-0.021221447519974054
-2.178403255373758
-2.022196900379548
-10.089598352502493
-2.5988144350840177
-5.689766830771804
-5.473795191565605
-2.4692078605564793
-7.958647250415403
-7.683264362955617
4.18204788072751
0.0
0.0
-1.7569600000000003
0.0
0.0
0.0
0.0
-2.9440000000000004
0.0
-8.916596042020002
0.8270132817908129
0.0
0.0
0.0
-2.0
-5.031786215941066
-2.2012083000000002
1.6126772725634735
-4.814274221546686
-1.8
-10.132320266177834
-15.256287729384002
-4.987923487376041
-5.13738744
-6.55352248951303
-3.235015384880106
-1.1980000000000002
-9.184823685939705
-2.8000000000000003
-0.06086516852366308
0.0
-2.2933458302240313
0.0
0.0
-1.0
0.0
0.0
0.0
0.0
-1.8239137167424027
0.0
-0.23217794751380955
2.3425837807078413
-5.939701144238871
-8.984017639559623
3.2355614811339253
-0.5915381551988683
-0.40508760993750714
39.24552583326397
-3.4733444816541006
-0.47466643705837575
0.0
0.9267321477241091
-2.0700331211147467
-2.5757867581950658
21.444313495686757
0.0
2.0488794557103946
0.0
0.0
0.0
0.0
0.0
0.0
0.0
0.0
0.0
5.012139082611935
0.0
4.329917961778003
0.700998164212131
-0.05400000000000002
1.312384020893198
-2.4646203094187893
-1.2983605651783652
-0.44540608288022954
22.72336338639012
-3.8773925000000005
-1.9782450508809644
-1.602005940902911
-0.5260332633160376
0.0
-1.2417966590015572
23.750428438230163
-1.0564464404008087
2.343
0.0
3.40887170096256
6.29047869456376
0.0
8.206562262120068
0.0
-5.0002
0.0
4.607876691665612
-1.6
0.0
5.1110274868906505
-2.7705765761346304
-5.1324000000000005
-1.4952925926059517
-1.863236128588251
-3.005168955161936
-4.981822265782911
20.308688697713936
-8.08859912812083
-5.2711705851
-5.9274121461896
-9.386777447182821
-2.1383470445603416
-2.6183769000000003
6.17964527720764
0.0
0.0
4.455034372572347
0.0
-1.8
0.0
3.8653164074561377
0.0
-1.4738620187347637
0.0
0.8709837585078879
0.0
1.978946633555772
0.0
-0.8558656220745979
2.4891210453552444
-0.5161339288277954
4.321436893708055
-1.5703985782546008
3.6783034661555707
25.14097692861611
-0.07107278984356113
-1.411996287779508
0.8975353050157868
-0.4431087641287816
-0.654
-0.8430371123799613
14.321129748649206
-8.122636312667101
-4.3675996869776315
3.340200465196588
0.0
0.0
0.9456773801010891
-1.5894755949973463
-6.998899704
2.9079651617846696
0.0
0.0
-3.04
-1.7312240547610707
6.032885134919676
2.0226742152036357
-5.733594229690047
-3.26179926
-1.816556502905053
0.09795196677138873
0.20482534319113965
36.49231627730685
0.0
-1.0335173010319019
0.3116228280874683
0.0
0.42973248720048085
0.0
14.901404389720259
0.0
3.4234159440924525
0.0
0.0
0.0
0.0
7.548364298993636
0.0
3.630284587440787
0.0
2.832521833239075
-2.2
0.0
4.810725980837672
2.520867603533141
2.7400412288501306
-3.903586473953305
-0.2349097268273338
6.055919559430201
-1.8785522712427407
34.69184115337828
0.3675477578123755
0.0
-0.5427941661
-0.5777502805686697
0.0
0.0
14.769376063228453
3.007248676562865
1.6088298111321073
0.0
4.519454033765742
0.0
4.005983144367882
10.412534371795772
0.0
0.0
0.0
0.0
0.0
0.0
8.080709258406586
-2.2893207776382054
-8.567578845658895
-4.701287280512208
-1.3641476575644136
-3.128357301812385
-7.129852268548421
22.177802740403656
-3.552536450886546
-2.9658
-3.7104958249438065
-4.742003359786124
-2.277749635521658
0.0
20.176713561155008
8.287137047769978
2.8580643410204947
3.6754941287373164
0.0
1.8596270455783273
-0.6405940356135992
3.562890066730512
1.848725979176654
-0.6000000000000001
0.0
0.0
2.273881704853816
0.0
4.556297570720712
0.555925567979307
-2.688198173693289
-3.4070608109726366
2.041507659575713
-0.9570069781423804
4.393997293830288
17.097009419035622
4.5292935427552035
-0.010640479334003437
0.8245077889231367
-0.4547199932558382
-0.5203581121521021
0.7201689763093255
15.56640182563178
8.632680647737516
1.6024385498795968
9.332242771870956
0.0
0.0
0.0
21.034548852544876
0.0
0.0
0.0
0.0
0.0
-0.6202498410420068
0.07501410829303201
1.5411180552653612
-0.5530404132899798
4.347929531866304
7.886150771296158
-3.5966897266853657
-4.161755280012978
22.885691639976912
0.7071936023475147
-0.6000000000000001
-1.2150030084485837
2.934548630325039
-0.37335434286688646
0.0
17.629346293822394
0.0
0.0
0.0
0.026244339157761632
0.9756547985144375
0.9818538082397293
3.073137577632431
1.7844444380910183
-0.5636084155202035
0.0
0.0
0.0
0.0
0.0
-4.631229801219893
2.0858572121626646
0.5733507793140669
3.1771407223917985
-2.1492391088925284
-0.49411187002905976
19.574162392372195
-0.004860000000000002
0.0
-0.2983488817691183
0.0
1.346934186567079
2.0514506977929834
24.98655396362588
-6.561000000000002E-4
-1.50729
6.231598158396988
3.1361709276992045
13.75902582225066
1.8415533726228042
16.120286890282838
0.0
0.0
0.0
0.0
0.0075570982804702425
0.0
5.039274132403408
-2.2440605727822955
1.0839693324442554
-0.43728541825283296
-3.375800048517064
-7.978895538758775
-2.9708494683450133
27.41460526386684
-2.4319371413787927
-4.8469722784469385
-0.7334735437144932
-1.1073803611928916
-4.01835750465027
-2.5418660319029023
14.705182035401222
-1.0
0.0
-0.9
2.3065843350743203
-1.4032485308332574
0.0
13.97642827779169
4.473349287803846
-1.00612846
-0.5925289646765433
-1.1814415684951678
0.0
0.0
7.963354279808492
-0.7826173539038854
-2.1482752684923287
-2.1100359909473463
-3.994620132264468
4.459507662578966
4.3059020101758785
37.07950243244804
-0.25696384920000004
-0.2668151103401145
0.0
-3.477593208690261
0.0
0.46484715109661934
28.97639465982967
0.0
-3.1
1.1375280755462795
1.983743234976969
0.0
-0.9194789267284069
21.405067255749906
-0.08600105326338972
-14.137934592675713
0.0
0.0
0.6141845993401702
0.830323845144334
7.555227760699977
10.069813915014674
-4.603220120733064
10.462755240193303
10.076545969656735
-1.5385113753555464
-4.124766780095519
20.356826209042417
1.5834230437086734
0.0
-0.6123914400207469
6.959040599792017
-0.8037728172731047
0.0
22.126901842716354
4.0985183447151385
1.6458487547875802
0.0
0.0
0.0
1.6375145950780798
19.04162209175919
0.0
0.7713459763264263
0.0
0.0
0.0
-1.68429939251999
9.511005239549233
9.418768240855872
-4.0561580523442125
3.084891992814182
1.1938000768457315
-1.7105646049570957
-1.760542742249724
23.802220478052742
-2.139686450395981
-1.6
-2.354624307477868
1.8073885414525133
4.0625726136152345
-0.48903339670245505
15.739532492441684
-2.0
4.712688260364107
-1.38096
0.0
6.831974446662027
-3.0426664712454623
19.587803995390175
-3.1958790405820334
-3.0271980551541855
-1.6
-3.8422241673078914
2.7434305884809076
0.0
4.440999541126701
-1.2594893367617683
2.9312959092577335
-6.744024424919147
-6.059866511111595
1.7086955700779194
-1.571024011394651
20.935214020419455
-6.062743838971539
-1.3767085777378059
-0.7305508021611142
-0.4028089575868034
7.9217850522741955
1.9882374990553193
22.57786310134057
4.4091731332506505
-0.00951249699165766
0.0
-1.1836
0.0
0.0
10.045637393586032
1.5266545608135882
2.2803915870968194
0.0
-1.1026
0.0
0.8508163680695411
1.9710374083500224
-0.583268124917047
-5.650892466373862
-1.38051382848353
-8.70220096135117
0.3143001333987301
2.546805242151895
26.138501007017645
-0.3063536427162874
0.07421582251741954
-0.46996827449007106
-3.01739420945447
-1.868072617858703
0.0
25.96004441812381
-0.16740094793705076
-1.118589612724144
1.6996600103417547
-1.0248587514264043
-1.9633606112845197
6.106951296112741
28.30686590645663
-2.4788945418849657
-1.7896149550079032
-0.07373251833064676
0.37731380530290703
0.07548683131607792
-0.20325365216342117
5.3575596682035
6.405149129221176
-3.116285188942274
4.999207749259373
15.289364879575468
-2.021870642382092
-0.5600688593904807
24.291587921517557
4.155293206744215
-0.5434816032057699
3.876120633738519
3.183010350611296
-0.9356966083144505
-0.6300913656419742
11.450229945511875
0.0
-4.772931117459953
0.0
-0.3964912147793968
-0.6509868712011133
1.080118303708823
12.271761346206992
-2.216587130502372
0.0
0.0
0.0
0.0
0.63753710878142
2.913565305496518
-3.9858575705399932
-2.5668675426302636
-7.660871898231296
-4.752071975409272
8.033690009759626
-3.6693738214733056
19.381351439344872
-0.4099483069211915
1.9357260272654468
-4.325312460401908
0.0
-1.0
-0.29902274592289235
-2.54078818463097
0.7396762269067643
-4.644240538586036
-0.41363014826487765
0.0
1.0572880726466976
0.0
13.251054288553332
-1.007533
2.110736018277616
-3.9928454969596032
-0.6000000000000001
-2.9307942900793664
-0.6829428111438829
0.46343221565526493
-4.834371246818308
-1.6272124066640172
-3.0137646142183216
-2.480809743926113
7.930670562209112
6.327386150723153
3.370723009270173
-3.5450999517628823
2.159429358000015
-2.4122170222778667
-1.6514281165268778
6.85489193085137
-1.081698724808907
-0.55677507870838
-2.207868492493308
0.0
-1.5218991203896997
-1.5131084998832054
0.0
-3.8277833915413666
5.028514351656579
0.0
0.8880907578969168
-0.20263021099104886
-2.130280886614406
0.0
0.0
4.271484815779001
-5.0115618193775475
-0.5129434714250434
-3.896206225712186
-3.2240207985163543
0.3501135120691572
-2.1613308595259033
9.994526991496265
-0.15359449170891812
-1.445579936384647
-0.8634762187856273
-0.36003410611089803
-0.18455447269935968
0.0
7.092475080516896
-2.261172037280926
0.0
-2.1314902569686276
-0.43094677950583626
-2.3708327049989415
-1.2000000000000002
13.649919849927226
0.0
-1.7440000000000002
-0.26288710425039413
-3.1183002331141276
0.0
-1.021358687995719
1.279193721939853
19.6865016467419
-7.510871778576042
6.940165697061088
16.983041043312163
-5.7022825501844245
-3.848158879886495
7.7250163935825045
-4.74636143186663
-0.7925113931898949
6.653083318247075
11.225277496547706
-1.818996248800445
-2.872919466117167
0.5481058424693299
-2.5
0.0
0.6849704709566794
-2.2319485427688743
0.09107037362162451
0.059936894388550876
9.496896174664148
-2.184465291907265
0.0
0.0
-1.0091215708754078
-1.17533026
-2.7385081313148003
1.680197062917467
-5.38896495178329
-2.1872870280984698
-0.8959341087163131
-0.6129261584660609
-3.8976943600052487
-1.7500592845763807
10.444044561180462
-0.3173728630119701
-0.22453119629825805
-4.181684036414489
0.6013678797645521
-1.3760274356245024
-0.3296687466008503
-1.0917571639480652
-2.5
-2.2609279088887178
0.4633600523371915
-2.3675658255514707
-0.532637188442648
1.1552613226820077
5.44434485957086
-9.6727793911683
0.0
0.0
-8.437808915659854
0.879296090351332
0.797183315687587
1.2542153198168315
-4.642199953914915
4.205632812462002
-2.772583353215417
-6.930138765457041
4.338194098966925
2.670041250158345
7.174870183093223
-2.4733865530788584
0.0
-2.534172389256843
-2.8732215952350253
4.530771539476843
8.543576921874568
1.7559654357351056
-0.8738733305471951
-0.19483398914920672
-1.4528848788738047
-1.6852475791027055
2.1603790522151383
-1.2925797599870583
13.226961301015992
-7.984951079684522
0.0
0.7100615486067758
-2.7856387407678054
2.7517554917271267
0.0
-0.8619256457807523
-4.9141283160357645
-4.645571667573459
0.15794472007636284
-2.179005865605064
-4.390171983665479
0.9223129295566398
8.905348985082867
-1.6
-0.46372632154493226
-2.3100235477373574
-4.614813695278437
-1.2894803746409502
-1.3098921105577848
2.8132095812257236
0.17032224860064088
0.0
0.8427291913842163
-0.8471502115530587
0.10859453566877453
-1.2758965415280277
14.059426171819988
0.6737845675882213
-2.734600291841024
-0.27029321242610443
-2.5383645769035876
-0.08036525928698737
-1.5828294455939027
-0.4
2.7119569350836885
-2.4575017995919057
3.240565157546724
12.453146301207678
-5.1177291027603715
-6.080755623415682
1.8153560537494438
2.078274533954993
-1.1124074811390823
3.3416354129062538
1.4354243029727132
-3.2185170698310523
-0.9924670427238422
1.2399090753198299
1.2569302941921097
-4.2016710137395314
-2.9707844396025544
-1.572738413492808
-1.9440326798896246
-2.3380641519206637
7.7963580346696855
-3.7840000000000003
-0.6000000000000001
0.0
-1.0917155495518092
-5.477020464618195
-1.7541955671422373
4.126716959417322
-7.683289516659321
-7.985543442969298
-6.230722128857511
-7.1709603867904
-3.9960280697550927
-9.600196369760182
-6.178992626053097
-3.63959080077073
-1.6187778158674808
-1.4885726004232784
-0.9571041473550096
-1.1303758392895968
-4.222468188226036
-2.5750626899635507
0.18499220139309885
-1.3189980568860902
-3.0325105913738857
-4.384127962490237
-4.6142928561441945
-1.6828124933533135
4.826363751985254
-0.08881524246294653
0.47377884386506147
0.0
-3.7303936600000003
-1.022103802991258
-3.632106331330341
2.6429398370227286
-2.001769448485769
-2.7946621877733286
-5.41606280918925
-8.11131343318402
2.2167226814362624
-1.865847367192511
-2.3079605103966254
-2.89954033567307
-0.6000000000000001
-0.8020018057689615
-1.2042694545345332
0.19243414839995387
2.575506672667248
-1.4089314490730824
-3.3586522472382208
0.909196760219491
-1.2344607405082062
-2.2254643830801273
-1.1102131937226491
-0.5306001754223473
4.758217924433646
-2.3396933335158936
0.0
-3.067877829594138
-1.8443885400552724
-1.0
0.0
1.1
-7.1744450226557674
-5.31498419326377
-5.799267493110451
-4.871420961497658
-6.386873948813514
-5.396943517709919
-3.2293133561191176
-0.179088848764797
-2.985550989063051
-1.8678823017488422
-3.498529427439791
-0.3566465270222364
-0.14596959324991016
-0.4090248235841734
-0.1257026430622303
-3.649183098535706
0.5861438481978097
-2.1503747333952785
-2.1180580391445187
-2.7052670167502884
6.350033491656667
-1.09
-5.043624525653988
-1.5523111000394527
0.0
-2.3102387502937227
-2.7561650179627915
1.218
-4.486886748554486
-9.359311280905711
-7.587218205897731
-0.18191734335038
-11.097328455604067
-16.695660449085327
-11.14297493235831
-8.39726054744913
-6.098300436012663
-6.046647961508099
-6.985493418232229
-7.795953997052663
-5.122109621204122
-14.33909294401116
-11.240390093979912
-11.41374768969143
-11.951656032653414
-22.149101587262386
-11.251883364027243
-19.46922740555496
-10.057807154899205
-4.0513643766910405
-21.179242283080132
-9.75835602207909
-15.54962261220914
-23.234184746118213
-19.89183773883515
-6.5373534580547705
-16.592868699449124
-16.450631787854427
-18.764872962595426
-17.133652696039718
-16.03048084064226
-17.720134474635245
-16.715647310996637
-17.064389434383415
-17.84531895562251
-17.507768708628703
-18.567888273666526
-18.893531402894748
-14.256519071487265
-26.27361228009339
-22.71003653301266
-21.28063815578218
-20.9967529491457
-22.72764689290482
-18.7619330397888
-23.527559934714613
-15.467865675775254
-24.410825490138514
-31.7978251045377
-22.290889183385197
-33.490560097293375
-22.328081654119156
-32.38288237524712
-5.473525359480272
-15.331740748634154
-5.959236066110549
-15.039074141628973
-13.95145496075787
-7.42628453502471
-4.099995251522234
-4.483546950541952
-8.931284084978794
-8.260518018328074
-8.88512620677275
-12.75131057482338
-6.823443963461456
-10.787398490095995
-13.15919917263336
-9.796925258730333
-13.121359579591092
-13.289289116167401
-8.238080095355114
-17.900323042945644
-14.028575310545094
-7.572591761927889
-9.944770082189772
-14.897725802709536
-26.20391591014747
-14.721142251837833
-23.679449383630043
-15.659570028087758
-2.2167273444083997
-14.012572728182334
-12.225549776015608
-9.811670419287102
-13.509886414172799
-16.143905065807864
-9.612679718323701
-11.04802258277328
-11.07165927262351
-13.004676760311192
-12.068786709312032
-8.956440389677939
-9.838893997102524
-10.754669644484341
-22.828124692413553
-21.86834375046148
-23.88849475798193
-19.32819467521529
-21.083744494207565
-29.54408118394412
-23.433112621231437
-11.398009612480704
-20.446350439203012
-31.98118316684273
-24.069576425362975
-27.48137756200253
-27.170521553330392
-27.507598773070757
-4.89092473044173
0.0
0.0
0.0
0.0
0.0
0.0
0.0
0.0
0.0
0.0
0.0
0.0
0.0
0.0
0.0
0.0
0.0
0.0
0.0
0.0
0.0
0.0
0.0
0.0
0.0
0.0
0.0
0.0
0.0
0.0
0.0
0.0
0.0
0.0
0.0
0.0
0.0
0.0
0.0
0.0
0.0
0.0
0.0
0.0
0.0
0.0
0.0
0.0
0.0
0.0
0.0
0.0
0.0
0.0
0.0
0.0
0.0
0.0
0.0
0.0
0.0
0.0
0.0
0.0
0.0
0.0
0.0
0.0
0.0
0.0
0.0
0.0
0.0
0.0
0.0
0.0
0.0
0.0
0.0
0.0
0.0
0.0
0.0
0.0
0.0
0.0
0.0
0.0
0.0
0.0
0.0
0.0
0.0
0.0
0.0
0.0
0.0
0.0
0.0
0.0
0.0
0.0
0.0
0.0
0.0
0.0
0.0
0.0
0.0
0.0
0.0
0.0
-5.524179970450911
-1.078343991752762
-9.593253834717256
-6.333398547558439
-6.916800210569147
-0.7285722654019341
-18.39312106451353
-11.979036307872338
-4.734145733763498
-14.80318884148527
-10.397345711755833
-5.4424809132650935
-7.046822504137826
-13.002916843579184
0.0
0.0
-2.898499086688433
0.0
0.0
0.0
0.0
-0.678494400257079
0.0
-0.8948098634240819
0.0
0.0
0.0
0.0
-7.224508918728345
-4.198336402869536
-4.007757357146922
-0.21271351344985936
-4.117483553921891
1.9142910073447412
14.272169097969066
-2.7925177269566563
-7.581870652021736
-1.9032841367036748
-3.028944887349453
0.4923006569350581
-7.513793052885046
9.045832197857692
0.0
0.0
0.0
0.0
0.0
0.0
-1.144
1.5967786295974875
0.0
0.0
-3.3726938387285044
0.0
0.0
-0.0634682637064774
-3.6922520435666795
-4.517423167446664
-1.8816011177065137
-3.014502137258693
-11.092542007164612
-9.585553043547305
-9.89318338851915
-6.872058286900373
-13.269123222327284
-3.659190611406707
-4.835932062323819
-12.2742164398712
-10.545909244891275
4.118945319329441
0.0
-4.33
0.0
0.0
0.0
-3.153458227690061
0.0
-4.1088916050732855
-0.6106442868593608
0.0
-5.4128577598000005
-1.8175117040052626
0.0
-1.0
-2.3679152778912926
-1.859481184532941
-7.394279981589296
-2.7343525631032426
-0.2190914534277526
-0.10544602929210795
-3.4707597158111527
-11.823381776739444
-6.3441600000000005
-3.597999571465497
-10.777726709243934
-6.716875930966171
-10.442296130620221
-14.018860088765923
-0.08644887248449282
-0.0056725754725737
0.0
-2.2
0.0
-1.0
-2.7011168629157027
4.52409252163765
0.0
-7.067560974569293
0.0
-1.6
-2.247365560028498
3.458637297308409
-3.8160486112445557
-2.9765662095337646
-13.751085069299668
-3.7940680609761035
-0.5819619236440641
-1.78262883589652
-14.382039072633173
0.0
-5.898254853013657
0.0
-2.718182240173034
-2.7856245024389916
-0.5523212940764748
-10.5227713542415
0.0
-1.302594009656097
-0.6989025087528241
0.0
-3.1928424591368
-0.8943826554600804
0.0
0.0
-2.1634742679513232
0.0
0.0
0.4888835792239683
-2.5598098
0.0
-3.2878092936899876
-2.542765793294898
-1.6934405836772028
-1.457951131023911
-6.628606893964907
-2.877431668353731
25.667117177819684
-0.8866250877034687
1.0303081709880115
0.0
-4.956521896011564
-6.960633640209633
-0.527241280870808
6.766101789888329
0.0
0.0
0.0
0.0
1.9113070393975617
-1.9915562510888347
5.99448994180454
0.2336415780698602
0.0
0.0
0.0
-2.5300000000000002
1.7527173903637912
5.738243119894606
-5.680908825639412
-7.290511120751562
-5.739029893593499
-10.827588008890867
-2.099944004367856
-4.542662910948026
8.514505983042316
-7.312320689456709
-2.2902635182488438
-9.149744470550479
-11.28397958745031
-6.281095056809216
0.0
13.406992576744937
-1.3759151004639263
0.0
0.0
0.0
0.0
2.1493604129588917
0.0
0.0
0.0
1.521497552736993
-0.053623058347579106
0.0
0.0
1.294981551811639
-1.1916013046705112
-1.9294556315816522
-4.8135741961567255
-4.686946762534258
0.8556410858491815
-0.802894619117564
13.244420438098473
0.405
0.7908807658556873
-2.465603207213208
-0.3032646808917472
-1.8233717932200033
-2.8899349964168644
4.170654887234068
-2.5
-4.7918251262723925E-4
-1.1602492399514552
0.0
-2.5
-2.5696000000000003
-3.4135605702944183
-6.3046384
0.0
0.0
0.0
-1.2981
0.0
0.9421412295418268
0.19001468425038057
-2.964329938262898
-11.064141719798924
-9.129602903349854
-3.2051116910573674
-2.9271998999451063
16.185478347077222
-4.391628865482464
-0.28857064416156797
-5.4479618058211985
0.05625569626199237
-2.780480829278954
-2.8014960219663396
7.6866551127386264
-0.608215101
0.0
0.0
0.0
5.74697972711051
-3.58
7.678223322590535
0.3162824104466577
-6.1781419914
0.0
0.0
-1.65886
0.0
7.656415623287028
-6.672563226031121
-2.4004405922264946
-10.232216871044908
-3.9614948983364675
-7.879187984574328
-2.442797272034098
11.358940935778215
-2.9976571885935246
-1.053401001467341
-0.580866685094904
-1.2871928867360865
-1.2658247272295662
-2.4337158718365264
9.076206344953349
7.330936967581365
-1.08829
0.0
-0.35715267953094554
5.202729682054047
0.0
8.403133886174118
-4.83729
0.0
2.930351146799157
0.7168941240203877
0.0
0.0
6.227855342221224
-7.744252162620177
-3.8752103369470303
-5.3663281967148135
-2.1829559737992876
-0.757196847721771
-9.359620082171155
4.740785886404558
-3.590329658449503
-3.821469244079389
-10.942536270196536
-3.950395951052058
-2.706929395241254
1.096067136261827
-0.6269263751899018
12.412240053439444
0.0
6.227888853196165
-0.6267434975474363
0.0
0.0
-0.7411774377721977
0.0
0.0
0.0
0.0963769416524209
5.323341626599182
0.0
4.515324671591607
-2.5176264864536813
6.0027377878242545
-2.0771852898914034
-1.2156753357538987
6.943960162377507
2.1856671243390715
10.618435795445839
-2.0
3.6275706053888026
-0.4142415371083085
0.28666018812071975
-0.19306814924188173
1.753876435228535
10.872505637528526
-1.5783
0.5774726082982656
4.5607276739205895
-2.210542321587105
4.587455376601492
0.0
7.315160588802957
0.0
0.0
0.0
0.0
0.0
0.0
0.0
-8.256400706754551
-1.3651848151017218
4.865937372520183
-1.8955503555184707
-1.3998901871245484
-4.129007334699435
32.902854035507644
-3.0221067994650315
-2.775546165430059
-6.146745279957627
0.9221339791630188
0.09801867681325974
-1.9561857149239161
15.660620002040796
-0.008387817712894208
0.0
4.4669914647313576
0.0
1.8895135863384098
-0.3931108476177233
12.488077876815275
3.345875365803588
2.514656111232623
-3.5388332323094938
1.3616689847348369
8.973439515902841
0.0
15.928971360798233
-8.432946117404063
-6.600260956094641
-10.545269778033724
-5.825999522370619
-2.7944597841108023
-0.12082508723785008
4.776589350359018
-6.415305034194212
-7.612557659335797
-2.678556744150735
-8.411520597360495
-8.517321528211262
-2.757185121050176
2.5709380083927345
-1.1058392393831573
1.8267413501953238
-1.0107842313389894
-0.4323520990270748
-2.553969627212231
-1.6
6.1357323555337935
0.0
-1.3975932634979948
0.0
0.0
-1.9311879895933548
0.0
1.5313134843655325
-7.57449042968468
1.9220594149197967
-9.40787516920048
-1.8280577468213348
-14.5859808665754
-1.0522254175670687
-0.023829310771832812
-3.6444368217556153
-0.5209990030629972
-5.317814037296206
-3.566061854542397
-1.3683018677113126
0.43033303678008217
7.190261790352247
0.7239307596064196
0.0
4.561992542615001
0.0
-1.5451550381119359
3.7220951418340826
5.744271038715815
-1.2704832832819521
0.0
-4.399749667297717
-4.803650783220599
0.0
0.0
2.86506681196388
-1.3651618033607813
1.5406411615494031
-4.063200159493889
-1.0540429697510039
9.046260995442559
0.1284936749037146
10.524803124344135
2.3016945473310138
0.0
-0.4762526614333804
0.08539934636765774
0.8932633079994106
2.84235693254532
16.412720546799957
0.034834862611108464
-2.2
4.189582027897707
1.588810307972441
0.0
0.0
26.03806959487832
-4.65904
3.780522138053204
-1.6
0.0
0.0
1.1986584177289288
4.815248348296109
4.8486401544116955
-6.54020364112811
-4.765114221415862
2.111308858668736
-4.488336203434945
-5.952540738864003
12.592327010263372
1.5509831835028622
-1.9362356561586016
4.948262660731546
-0.45543504864222273
-1.2807887617265092
-2.6413015244920475
22.580133571580305
-1.5
-1.6936243416559367
0.7727984269984158
0.3239281001093608
-2.9803594943481557
0.0
10.301692572932556
-0.6000000000000001
1.139935596865515
0.0
0.0
-3.25
0.0
8.543467863628303
-4.69924216492274
-5.484553341628429
-9.987193680712114
-8.284732055786304
-4.7660943866781595
-4.1478212608456575
2.549515602158814
0.574708464809013
0.11856226152678495
-5.892683254652908
-1.589719934085639
-5.9507056665366225
-3.2881185004842983
9.25383905633851
-2.655236372052359
-1.2253685022316532
-4.206718293318937
0.0
-5.470841765617707
-0.19008573079535293
4.573740776717981
-0.4574307353921471
-0.374228386272968
0.3849343331526156
-3.8818850415772665
-5.143599577461032
-0.9446533934376691
6.712211052112917
-5.446703010862668
9.669997636076566
-4.1718762372207205
-5.367402979935114
-0.4014449786640011
0.9649988720766562
-1.9878568956138647
-0.2961447323567037
-5.717191312424525
-4.649508827778245
-1.0
0.44098953393995144
-3.634961893448127
4.650953450014772
-3.0703476891223054
-3.8812099824814226
-1.3535102820947797
0.0600460172176172
0.0
-6.076378685839474
8.676290979989949
0.004306966194227827
-4.115374577870794
-5.999058507440945
-1.08293834382185
-2.0082114209514046
0.0
12.286407711947643
4.187751849211086
-2.6940605721920994
-4.469584092769496
-6.644619015872249
6.608706235319901
-0.042659147418361076
14.260086351621874
-1.2864359456089947
2.0442435933134915
-1.5222888867094102
-1.4530310932682702
1.491295437319365
2.356892791680582
13.302893967534247
2.8198703461465993
-0.16963296887090473
2.4779462944507444
1.81930921025454
-0.9747886052014456
2.5223956855611713
17.92896543865747
0.0
0.0
1.6526478229568344
0.0
1.1949573175803765
0.0
12.96796141488592
12.64186897348144
-11.83612683214049
6.8425865943286555
4.071871154951348
-5.962511663334706
-5.771903517615941
-2.9172708076668554
5.688405158210388
-4.891124843050661
4.357558031423951
4.673818794123722
-9.219753026812
-4.7423864700048615
0.8845340785207778
-10.436360891811443
-0.11215320999370348
-3.7814854245350396
0.0
0.934504492317283
-2.4909372222530703
14.870435791113243
-11.560805861111833
0.31789255605848615
-2.4769571585210075
0.0
-4.239957526748951
-1.2636747063052856
9.122799543606709
-11.015826927065948
-8.383295951990817
-14.102628656666294
-7.922281767038751
-10.419056805152385
-9.376810479564442
-10.954571622915044
-4.592883050776564
-9.042847938058705
-4.440425703650163
-4.080652026461633
-8.43216850836506
-7.571672076873985
-1.72785919133042
-0.13342411785603117
-2.398560665630298
-1.65320054052115
-2.270773522250236
-7.077906122388679
-1.4393805404899618
-0.7250609388974731
0.0
-21.178512600156747
-1.0491344321793552
-6.78719808846292
-3.3463981693829377
0.0
4.998831691787142
-7.192758407094056
1.3410239081693591
-9.680501840179277
-7.004781690160023
-1.6189207868362434
1.448513274542817
-7.3760412987143145
-1.8811238151015783
-9.721355752012888
-7.141613524354345
-3.8378748798173277
-2.6292007114057583
3.130399059495942
1.5632197296441808
1.1694893535636794
-0.20557422780358092
-1.2647978286152783
0.0
-1.2356774169977665
0.0
11.27511538708796
-1.38582
0.0
-3.4300475401710306
-1.507985093546278
-1.3994185646667607
-1.5192047787560576
4.016460553728856
-2.0122318508981905
2.4170723420481037
1.0661320870747732
-4.331708650321781
-5.284640098855892
7.655986459365875
9.968446183187007
-1.1791876608988212
0.0
-1.0728294174284816
-0.7960514409589794
1.8240396867189963
0.0
2.912510682394365
-0.8923886521764411
-4.9793134938060115
-2.6954669940357694
-0.8146507645696301
-2.3539715860547625
-2.501870332664894
4.064613459733651
0.0
-6.499450438137872
-0.7752871405276118
0.0
0.0
1.0770454041987687
0.9164
1.5964366231005944
-8.320039974405827
0.7999926478242512
4.986911465856516
-6.37789988248044
-6.876671588595949
2.1666569736045598
-0.18486861206736677
-2.9271841243420216
6.431991600011751
8.558986970363467
-4.028392427744864
-2.5769732180227947
6.418462781973154
-3.9249664096047723
0.8299419099293958
0.0
0.20963672044721776
-1.860809422600517
-1.9929042345775245
18.30652868068427
-2.8065673165780574
1.292823753047934
-13.93375186328826
-0.43701936458422647
-0.5001974291898459
0.7100899034454242
12.27458940578007
-11.64359110646998
-11.254170827051414
-13.472192305292909
-11.912394584261515
-12.184892581651308
-8.606555329486248
-3.1022972344204636
-8.584073700126126
-7.429891908888845
-10.439605864251773
-8.218933440792268
-5.995409691240404
-7.911872308415492
-8.421769817331073
-1.6288065544751458
-8.92601117071377
-5.438958522262661
-3.275745341236492
-12.743553214817663
-4.942598667510851
-10.660553414683138
-14.61472726059255
-4.585280409930268
-1.846021904255874
-5.438637244291737
-13.150691691546601
-4.900081668025292
1.2080000000000002
-9.205758133991598
-5.272306373673142
-12.512456893967927
-6.648761955759326
-6.157625499921784
4.444854704507764
-5.756117153160132
-7.104300319873117
-6.623514099232126
-10.596477095709968
-7.749298813496002
-3.7267888825329614
-5.905229749339304
-3.2919814414992166
-7.116429726238117
-1.2330483942407149
-4.5069014089650015
-1.315996988182067
-4.550621824718635
-0.5243756755380478
12.736166167439647
-5.872835792059681
-7.930179222343732
-7.386775604557182
0.0
-6.059591960622245
0.0
-2.1381214956413577
-7.430540882980424
-2.630429920114395
-6.6455776353958775
-8.305602752303807
-3.986859112762968
-4.047592420387373
1.0583531646242137
-1.598301077800679
-1.6478568647305316
-2.151122013758317
-2.4232298678681827
-3.8806088354781965
-1.7635421950116106
1.0931606705031163
-3.2686680946550455
-0.5951650933936385
-2.5698956372815918
1.4826135247802346
-2.0997209759869637
-3.6216697293874462
5.802397472159024
-5.372810316246452
0.0
-4.174620656305026
-0.3129523156507117
-0.5445169269469172
-1.745254811943336
1.3619383275247294
-2.7783715331596897
-9.24305287933544
-1.450835530434551
-2.130536256675855
-6.52991922021594
-10.122641406162646
-2.6499034469825022
1.0427848947931577
-3.2661031655489645
-3.176630927518876
-0.29492137375518934
-1.359068301245035
-0.3703423032504573
2.7962239776995883
0.0
-4.399782590410312
-0.5629200080299419
-0.6000000000000001
-0.5100724891707236
-3.7306908406264663
9.251534575673817
-0.42501127084298795
0.43647141891407676
-0.017550271478483172
-3.556794123090122
-0.9550423316190442
-1.5960876710338794
5.301919467164313
-13.97549960869839
-10.946858633351717
-14.209267991913674
-11.029325156470144
-13.516425859857796
-13.537001827620156
-8.240448062752701
-3.717961902620294
-5.791751728804928
-11.095674840829208
-4.647033514612696
-8.959441850011132
-6.156689930499359
-9.230760451884727
-9.044078961473286
-9.165010427727927
-8.721929213315779
-11.04380360383915
-7.02523477760462
-2.5193440876849778
0.585299852538137
-2.7533221319295347
-14.566879957495685
-5.906654248296111
-3.5600455367069985
-7.802408623617241
-3.852910197019589
-4.386736508441235
-8.103546744179527
-2.8131914177867037
-11.73303651621723
-5.23958919785497
-5.2714866924547605
-7.7226258238165215
-12.401716064932186
-6.537914049036438
-8.436842820763086
-5.595285604032041
-7.106021478272937
-7.804690814359679
-1.9215447560823447
-4.635580793955315
-4.798867002007828
-2.634576149356999
-1.0292348305686496
-1.071894302328572
-3.5760343541881356
-3.590635186377286
2.025600192248767
-2.219781249680887
-7.451099803325867
-4.952092995204758
-4.574295158527555
-11.036285083628602
-1.2271413744834536
0.38992975314459466
-4.241676533139135
-11.293082722762588
-5.6530711208313935
-6.76350237285103
-7.560708894755288
-5.097353089688406
-1.9592923862547977
-3.2860185304431955
-2.2505168621810223
-3.9551100145224285
-3.5030304420015925
-1.336354739714634
-2.9095585874307437
-4.026660466347357
-1.118084023292566
-5.285955896595135
-9.712237502351744
-0.2518573472879547
-5.740088297092704
-1.5607580712385642
4.455665814951903
-0.6000000000000001
-2.927907124919706
-2.749139329966545
0.0
0.08668486104395687
-2.578867111639241
2.1594809983479006
-11.990259791682643
-12.885792349630256
-12.096326819130867
-8.138765663252121
-15.186401204966169
-16.12676461246925
-8.371459540513667
-8.983817745269967
-11.06276947387372
-10.501463119088823
-7.89060651982763
-9.76572040650672
-10.636327983327877
-10.462912591416279
-14.80810097549564
-12.746894734537229
-25.815113435042086
-17.609910959094396
-23.264879605008566
-13.759037495046353
-12.799677332410962
-27.130838337873517
-16.586352161474526
-26.704938678312036
-23.347264557258015
-20.553961189969048
-12.32872508044979
-4.891971401282145
-16.21769352414709
-19.408472220589047
-19.461209648751044
-19.410038527631276
-17.34289411534355
-20.145800299621243
-18.87549955905959
-16.178441328035614
-16.568971689588878
-16.05073571670826
-18.64884391910634
-14.058433882129055
-16.17732783144467
-17.510312189289838
-29.15257236647525
-20.20787710489946
-20.77128588491249
-21.38778139922949
-16.422851245056755
-26.26861394308679
-17.4778079003841
-32.237799416845746
-32.10957868058945
-22.954376972840414
-21.11444819125997
-26.550513144943633
-24.758928609969118
-11.304518838379622
-19.855709519525817
-10.09761275239252
-16.77312861862988
-13.816020109141007
-5.8112117632314035
-9.932325426055527
-12.391421384528293
-12.270446003827896
-11.0503716411289
-14.792387045123073
-14.741925653024232
-9.756624745423952
-9.83909897599031
-10.60704502714751
-20.943848647484472
-15.381686949799533
-19.29628370884068
-17.93872767304881
-20.24331749413205
-29.2847126300057
-16.752378148296312
-14.127600187706534
-30.47436573030911
-26.793663745311715
-19.50463141330957
-33.29690190717795
-28.713219498017178
-12.20055752972717
-15.028250693030907
-14.58813131691453
-14.519996592220576
-14.186101542470947
-15.968761347079615
-12.390003620879597
-13.243579613102105
-10.679276746315454
-10.516840139795704
-10.55421510609889
-11.840257229989303
-15.517152203978736
-15.517483080026349
-20.018909153608657
-24.436973329428184
-25.798643495423892
-14.221498528763352
-22.63636729925033
-20.761364462510546
-26.969770668798475
-18.245507259597936
-27.458926423570922
-39.218556823801904
-21.220426251456093
-25.70027220732369
-37.25581539429777
-22.106078532354037
-4.328882632022898
