0.45637304968578485
0.44904490590350266
0.67033492975571
0.35624855710635983
0.19997819967073704
0.011523480015322662
0.7586321334196781
0.8088095029948138
0.8724497547710811
0.7531320646904165
0.3190393894611637
0.7947419522244864
0.6001932856051045
0.6254331960983363
0.4630719673260898
0.7031316490157759
0.6064602316587631
0.08637183088567646
0.08298235826512501
0.09354138459009576
0.5510508037412614
0.09593570474552437
0.4740525246036468
0.7925171273009997
0.9066998892755237
0.8722308110370661
0.46306701428522523
0.9618282201113814
0.006698135051982024
0.48905696812896915
0.1350383428758587
0.5090776383937385
0.5086516842257898
0.4829831917006765
0.8762326633190574
0.43885729352122094
0.41088553508207615
0.25608576977735176
0.8587707515932393
0.0014124854708070789
0.43084754096021516
0.20992663833727665
0.28055490119994053
0.7858188655776233
0.5089710594897191
0.2270135195315518
0.6440001812955015
0.22596378949262552
0.4368061220982433
0.3278972963716339
0.10802393370093732
0.34016386607181925
0.12483052461224031
0.07522621246706285
0.47997463961786413
0.9090383981956616
0.8232037198051011
0.5704904944174475
0.7276574719162247
0.7112988708410829
0.6878282252875089
0.6948553001107262
0.9863408706907655
0.8834023950946118
0.44443417858151824
0.582393306361018
0.911604252245182
0.946556921981949
0.5450052087709487
0.1821934611441952
0.8861144500866659
0.5533547740380563
0.13371432979388975
0.16523504331509264
0.026894502050750835
0.5463503339871092
0.34364090893571164
0.36258156053505397
0.15937480297201145
0.4921861929355126
0.9308909898642089
0.383362167412134
0.9254938098993583
0.4574121537952007
0.019344604319913472
0.05417291094787169
0.9753416583883648
0.42592937965019895
0.7771059353922619
0.8459437058990357
0.755316281869707
0.42303202259599404
0.17483289908923116
0.5099814904545679
0.7504892029922561
0.10730715582949923
0.5864750337892821
0.7318135904473053
0.16485345028830367
0.31919298072032587
0.8845496085223824
0.729619880219081
0.9303538287795687
0.8337846293156989
0.8549377713322005
0.3734558734808683
0.6240752410621211
0.3555154924485061
0.2102839724163016
0.5821334495158447
0.342692282016399
0.6136315134584008
0.21643337956943343
0.5600150590420223
0.8084804015473854
0.5541826108925143
0.8960276906870427
0.9313370956494481
0.21964589183536565
0.23390090790435536
0.6065600180541802
0.22140831676941608
0.4494037022666285
0.8958772423182703
0.4956397338253282
0.20506046263795663
0.3343691507861189
1.53235437262065
1.8955059999510342
1.0656528587425238
1.237179448682544
1.3107574094505843
0.5632364082924666
0.09970831130571933
0.1651676381976801
0.04037586844650165
0.48897823104850924
0.415132901926919
1.00340522500332
0.3875472848306042
-3.4975338763826516
-4.777215745948677
-5.71199071924851
-5.103646736443928
-5.3629554626899445
-6.384470761047389
-2.3590412597802874
-0.1909490316180468
0.1264188533149092
0.041128514043797804
0.5763873466650075
-0.09852712608386449
0.304566839415832
0.3904824868077472
0.9258082025188755
0.31641381301284577
0.9776795796614738
0.2270819581899366
0.2661153638980889
0.5101524941841716
0.6427347345865433
0.37431968372100766
0.7373836012963904
0.07727572633024926
0.5282026210022244
0.2563486355002672
0.9507619117019753
0.46592939123162525
-2.3953673506557935
-3.3011979764878676
-4.3389176782232965
-2.976202057006239
-4.5375546751037
-3.3909162790680627
-2.4778010809253055
0.7718908310697347
0.5436156208480382
0.8446716044627495
-0.5667945466646533
0.08466498646902676
-0.3828966819636875
0.7545807120743604
0.7406128370693809
0.5804121981918869
0.042425314561217564
0.20091191186125823
0.7717355661817259
0.93180214486386
0.397300648676289
0.38787727865990385
0.9631658654083867
0.32769059283990987
0.606839577721097
0.5011435623084887
0.15612302863008898
0.20708715232556896
-0.14351850349487033
-0.2921177018804668
-1.2268588521597668
-2.2250845261920578
-0.7372691636201032
-0.8342621767980335
-0.07379601605419145
0.5916412859467863
0.23754268089713015
0.5946877409488647
0.23100752511138134
-0.36787044588185225
0.739368799977313
0.6249002917026295
0.06441618668746413
1.2978606480752428
0.8588544574530085
0.8664508670528726
1.4147482208179607
1.656727826512386
0.22732323548306632
0.15953517880990697
0.5544979826304386
1.1030419248524657
0.557443632802061
0.3025956587826374
0.2942855599406511
0.43020685133838676
0.4697748514603961
0.19333831457409187
0.7182975222395989
0.5597139369621342
0.6936508229650311
0.5404023761348297
0.9129865323475839
0.9703719003795747
0.2276401824296005
0.41527423405828345
0.09205022137221897
0.24386316529512964
0.5300268777026772
0.7887921313825313
0.7162459600659965
0.6500799942222723
0.959612030978719
1.2649328466732195
1.360293060748086
1.3025949449891774
0.412833868965247
0.3671903819932223
0.18304138574827106
0.4846136687257331
0.43107458513039343
0.4917914391225239
0.5803029338458777
0.8257913664606551
0.36548234709090643
0.3483862949022468
0.576959007219923
0.5083578053711817
0.23765866932831822
0.1177069270614807
0.31050912800002184
0.1564459242664321
0.013633252840201782
0.04318529388911607
0.1655167826793601
0.009912304236142089
0.3797474373919473
0.24704688656200202
0.5050992416173189
0.4620736254640849
0.534756109620829
0.9984544557782578
0.6534449263336775
0.665467499575785
0.03317906451362762
0.08835775213474417
0.5325962169645893
0.02846819496483477
0.8615434980694924
0.45132941967684126
0.7801834676126786
0.3848766866300023
0.3439516872058767
-0.44970557535418304
0.14217997124410536
0.46257938235075896
0.7396497112340982
-0.6658629019594076
0.9278982505941081
0.1919408969534202
0.5874332493646467
0.9992720819566997
0.25880221128004566
0.07066167506318666
0.5304662461321361
0.7700421455217669
0.07570534061378209
0.4729209944880408
0.23630548311861677
0.8351018438973331
0.9165459012472598
0.6719275798787914
0.23512895090857344
0.12139111923554535
0.04948881127542226
0.49545116987367077
0.38990737223010496
0.36070409393157
0.47161194859989
0.03473920354076121
0.3995202440812233
0.502345147413159
0.8086369249554201
-0.27773746798922616
0.453317227342259
0.4508596736388536
0.5830822346794342
0.11561983111074646
0.057858562152674486
0.9795601650156499
0.736541310706446
0.428507410844684
0.6269893760654384
0.25207032113202754
0.22848945901744114
0.17871766820813184
0.5529330733907536
0.6969054338772175
0.22448045560784669
0.9044053955112727
0.9216559637649714
0.3936117561399719
0.5337443738932142
0.3523650088607905
0.629917176617507
0.6004050543345835
0.2808075428117789
0.6775958171812839
0.44828064026067677
0.15543642665747162
0.6161542659363212
0.5382919741794928
0.6229323459381235
0.5382786847301131
0.3788352228274977
0.8779217195039468
0.15041411868792165
0.7495486437537228
0.20171838860372085
0.10211761892680771
0.48170260230702244
0.4745037515742171
0.1978912854200155
1.1288462004986637
1.4787337453484406
0.8783888690310375
1.3571233523854507
1.3340867627925574
0.5859920542612141
0.5185694935861986
0.24453195017433538
0.7569620758544358
0.28286157260082845
0.18848031691934342
0.6360146986998061
0.05633935990504324
-0.28588613523543815
0.6210529620089957
0.39800476708398236
0.6166260401243882
0.5138882284498236
0.09106389264241285
0.6150529161467003
0.44306552043484804
0.7352551723623274
0.9797268200669772
0.22048933110813396
0.07198355047801208
0.28082540844914594
0.5851399092975921
0.38481596241457183
0.36719382059623973
0.8520125545053601
0.6955668182043514
0.8129875010476091
0.5900920122699838
0.22725481086925203
0.8390762208889732
0.7581231725397704
0.2214847449521392
0.0806572782381203
0.9289762715653731
0.6728503930491304
0.31763950800073426
-0.020575661972792564
0.26225862401704053
0.3099656105610221
0.14757458927454897
0.519938492690692
1.2868558714952547
0.07463358482508597
0.6155163837177542
0.4007599172485664
0.2115162790321382
0.0327178488335097
0.14022487945087292
0.27807741083564697
0.5317328148545202
0.6315462418830806
0.10527727162575717
0.12556875380067678
0.4636712562300075
0.9023316163204598
0.03632344834848267
0.10212462663148092
0.28581460987526675
0.4731940402693985
0.7852177251044953
0.3578010187062832
0.47608172166031526
0.49020791020059173
0.8077795445547646
0.4151113700231193
0.5771953317312036
0.25079139589399646
0.40010120089846796
0.5625641552018219
0.3884456991761391
0.07426252082508711
0.5898972070215973
0.15459237456249686
0.09203575009452825
0.43482152519729256
0.8777143948565712
0.1944767442822547
0.33713159388241465
0.10160862576741718
0.02128890479460266
0.5485774414755729
0.18935439167602208
0.2550366181173256
0.5786061814352104
0.6992273914704271
0.0932403792736074
0.8023157597323964
0.41906269056837453
0.276394195630706
0.7609663027047681
0.9953389427222382
0.5203874735391535
0.21857100859781486
0.3488932343022059
0.6521316708397469
0.31260740592981207
0.6482559882830706
0.3225435451688433
0.28898803257301975
0.41549414086746495
0.5580746887134787
0.8529997084357465
0.3857380004135932
0.8091263245069852
0.6845913495304128
0.47161094896767153
0.20302825494001372
0.5946230072129493
0.8627212985368531
1.3363716958168825
1.4550779304544594
0.693282722711835
0.6559524105633031
0.8451589063268008
1.2613619950829122
0.5694351191438801
0.6839298891696972
0.1902190527064359
0.0161482627389532
0.7177599070085225
0.5915425695874436
0.4416692487727976
0.42917168135153577
0.11628851411454938
0.3550528159127224
0.40779810711238856
0.30026419975445706
0.4223917826117586
0.8901576978557427
0.5647265605532247
0.24514332266129046
0.2020775938098149
0.3399159115134742
0.6648920673096811
-1.114989384219487
1.248359983821313
0.6344638434384341
0.823713991475917
1.0767658334718244
0.5872609713278194
0.8642594346369955
0.47177251202467485
0.33875008408537366
0.9484218281657093
0.14219142158916176
0.7054555048124816
0.5439376366494314
0.5687654277844919
0.4928504233132042
0.4801644321483234
0.16875051622368725
0.37290774225213374
0.3376269323114516
0.03637027547308148
0.12510536193076116
0.37768523838583146
0.3427950857662513
0.9706451793207306
-0.009559984429806635
0.08736220081787738
0.779148627722663
0.3060171185764815
0.6013158372258206
0.16631721270885136
0.1030609542220069
0.825994333702017
0.336167555149047
0.3404794891279417
0.04800862366519987
0.6881576037948272
0.49766654936259846
0.23112696096405416
0.37934603758000196
0.1930769724637691
0.977360000125291
0.18635379398010332
0.663572430671454
0.651863435136407
0.6607093206121432
0.6425447131879243
0.6697326534216688
0.6540801253914567
0.33846377169810615
0.46421044856741833
0.9858300452160904
0.7008539984543503
0.9432863557360193
0.31079695849588507
0.422993305807013
0.10365392894533854
0.2653114813300941
1.017633050734689
0.8280437016002609
0.6868231476577037
1.0903806918072574
1.2936595255090622
0.8854108181700462
0.9510458827213562
0.16238976982929854
0.46433013845038207
0.32031575219631137
0.851329094963123
0.6842618985184893
0.20648604478742416
0.7315498641149959
0.8722888688417622
0.5579374795201826
0.7659462387001442
0.9513270215444041
0.8351206845301871
0.14409105763818053
0.909155094533559
0.1702112692310278
0.37519939055746354
0.2272810552707043
0.1902774500406864
0.5677143781950952
0.922572150446547
0.31296245669589484
1.5744621761419042
1.7140106206479693
1.8256694474690403
1.309223197015715
0.9957985139704073
0.8189516549495477
0.31644709237879765
0.31865273240472813
0.009912941541293518
0.501741418777878
0.958720754830384
0.14311618713484164
0.027839779234346884
0.30240666311340114
0.2703545352885586
0.5123170614009755
0.3465111653353322
0.3954803667299043
0.2076306663603581
0.39953251853593985
0.1299508837767146
0.6750342533732465
0.5370056419286796
0.029747609984081658
0.7722558056020083
0.3570233865392518
0.6739454779587586
0.5938596752934123
1.1522295769795015
0.03282811111458006
0.8471304998632159
0.5036313828676472
0.835548020328774
0.30958433759693804
0.6050655367229776
0.6007674128592664
0.01154805095332867
0.2703299275268546
0.04352898885594925
0.9859503984167205
0.027932955460704734
0.24828700754188404
0.4373956284088052
0.19799603428239493
0.4206060904076422
0.20449824552796164
0.15592084214743093
0.4794084466752243
0.523637694463526
0.675287168226634
0.5080017194381039
0.023599423227148475
0.892431172763446
0.20597786335269164
0.8177996715096997
0.6878306256710328
0.02525321618798204
0.26444416165314477
0.6490009323337136
0.2897000439972075
0.5919881360595354
0.07611917383634881
0.025626098259699637
0.2588576854881862
0.756935600654373
0.6608430256575017
0.7285290767513707
0.5165870581301454
0.48634855707382196
-0.5964129038357933
0.5009760748442085
0.41927329737906344
0.5514054153840439
-0.1492807000111841
0.4991368617272662
0.4977611902027852
0.507922563341261
0.5001705959254106
0.15633503911414676
0.08286133483990178
0.293963825249155
0.15342383546442195
0.43533875916192233
0.5234410605867791
1.0845894006768577
1.3864245406278786
0.8253625640584894
0.8032710839597249
1.569819638228585
0.811319367217377
0.8681398608810291
0.5334537930619808
0.9104092935076025
0.1921044960099394
0.5182533481662711
0.06793533080680247
0.579531544331104
0.2907621736938
0.5975735369037114
0.365980769899467
0.45093816411715965
0.6722508186060927
0.3592336985901308
0.09978181182036105
0.0824938507282803
0.7307890066976542
0.891033729504296
0.749158278815228
0.6298526318050146
0.5111162665363311
0.9470473838423781
0.46123472451344016
1.8773319553776513
1.266545880921875
1.5248196481437823
1.5108617271393503
1.316819058693097
0.5311095462503292
0.059803477323336685
0.18519194626451763
0.412024501397104
0.6611885430066778
0.5079963128105851
0.9303595678521921
0.6641686214599499
0.5483442716649912
0.5172811450017204
0.3383707822107603
0.38235277246183724
0.4856630903700443
0.719668601721313
0.5720401850202319
0.22002260668333118
0.7651132592520794
0.4309920310280484
0.15683057913414
0.14168261115798253
0.03800199633068124
0.3893799449495723
0.2884162057502484
0.9703288626236984
0.44814071502306574
0.9222543854578845
0.24544738468599026
0.29053581062236966
0.15930295134317585
0.27564037248097994
0.5170569924463144
0.8792794984911484
0.8370109168942227
0.4244475788968912
0.3643967912537115
0.13745034345033957
0.3069370871193346
0.28940337890660744
0.3730745757995987
0.36455563525710727
0.4850655401058877
0.31784145681756976
0.553585114784598
0.2784062474419733
0.5259643487036264
0.06286936068929194
0.33467819194754045
0.9719868190271151
0.6972520251668728
0.7185123219597527
0.28905959816847415
0.13276653016914863
0.31978730626035756
0.33042483588787097
0.33388579517438344
0.796910443374667
0.6087133613518656
0.9141560686300636
0.8082235699395874
0.6064099152387706
0.7338300792671444
0.5572482781458276
0.6842517240739634
0.4525542690673141
0.8056932929833203
0.7926684996616978
0.42757766371189443
0.6016012402367517
0.4194139056136398
1.2580757831272573
0.13659275027093853
0.33347337623007567
0.5043713625875331
0.16808048913860574
0.11661205630418181
0.4512567448892739
0.8514816806568914
0.8840453504265215
0.6345684223592645
0.8884019312014184
0.7256974215987381
0.1930437335720708
0.5397078681816077
0.522162742784356
0.9288257108962795
0.5851937460305293
0.7618448609841698
0.7703377409134163
0.2335501609829116
0.008930690626021698
0.4863648410986544
0.3764766753850932
0.3194489017071494
0.4981123972264493
0.7784156214203085
0.5368988074061664
1.0986189973461051
0.6979143468556502
0.421736816250159
0.3266549609950147
0.7766949106232078
0.40286981784171527
0.7165430585591355
0.30317413351089195
0.5181977986210404
0.4087136968482481
0.3401113656502822
1.2251771095819322
1.272262897272907
1.5321026777991364
1.6880806398665555
0.9839800342784372
0.5607888749557203
0.8128406554631649
0.25489404171862695
0.7748812261616939
0.1655597729558027
0.2776149812692562
0.43502527082970666
0.3048799004288575
0.6503745493432059
0.6455907474404257
0.6611082088097127
0.517756299373028
0.5952524179889188
0.5494205748138494
0.6220915173971082
0.9731783145474775
0.40250639536420485
0.02517634488789533
0.13591513614378592
0.5329264623825023
0.042864874018329835
0.9220672915044331
0.671919309622956
0.11493757733008925
0.15580028924636208
0.6453588057823799
0.4962195677938738
0.6883396239488895
0.5431387697627249
0.430649568695577
0.9560850357530059
0.25231130477224395
0.6907555564491686
0.4925006024478681
0.042366589341155
0.39491054365820166
0.42242843978926264
0.056145373693901886
0.3181226946061911
0.4272560601293569
0.2642456180825904
0.05551513778911987
0.43898839593298156
0.0788175115728913
0.8546089305491058
0.5200091320927791
0.08049240714954876
0.7528342100762556
0.27415263782267024
0.5267575309308375
0.31254690424543874
0.6048961266321035
0.3918144789949278
0.6309826869535903
0.017863849159174716
0.42629832751039676
0.6828261099340779
0.63960372778548
0.03456947177805558
0.05887124863541726
0.3842514765442656
0.6466044885419299
0.22824093501752696
0.4419842096247698
0.4927848977002398
0.31324125889370896
0.6067497269913201
0.7181854310618169
0.0711950734234825
0.36229677404959443
0.3718699617700815
0.8211878794737838
0.3889282519559023
0.1414490657416236
0.12424160884605395
0.3636897835448415
0.814221226885961
0.02547317991180753
0.05374266824366694
1.21113401306754
0.9965106732579189
0.9182885343655923
0.9840395104922354
1.0740516683309809
0.39024859839646675
0.9111679745615855
0.47207649421187925
0.04864868875782147
0.92787607939954
0.9143621192378089
0.03921264074433273
0.810320012779182
1.3587977353558085
0.9816392576312074
0.4632405845597677
1.3961300460918047
0.7996417644835299
1.379233947839679
0.06962538013331143
0.023736683892019217
0.3622082697811233
0.9403785901324054
0.15959311926170028
0.06890835913264504
0.2044547355133738
0.9047363531116247
0.6499184111172003
1.4641530906009883
1.2242433752033348
1.7447813252916178
1.0934289784460673
1.3304298330653404
0.6677352892612852
0.8249791575272816
0.843951335372669
0.2653986637464195
0.8089114726218682
0.7241605400019483
0.21059158477513662
0.32954812491405705
0.7837144216910306
0.7071941373779739
1.0478854979750358
0.5625329182101863
0.7887821436649413
0.48514751428277547
0.724937160161809
0.7139748991489918
0.5509633712369993
0.763223896084493
0.6671601231529689
0.7325574625127834
0.2254998122134385
0.5586818041291729
0.7874491063851973
0.6629187187900286
0.8428166510873745
0.7330992066532885
1.026209417019003
0.37314845459167567
0.22610936623506606
0.7677703728501328
0.4348012269833569
0.5399055352848215
0.8756296336496628
0.47222166322726167
0.2340164135375158
0.8910025456227566
0.4260198848477656
0.2828446725752014
0.26843297755716156
0.31196524373127865
-0.3782291688279491
0.23830261145452458
0.23952122052714364
0.8369211187886454
0.9564788908967902
0.7505998750643382
0.7151346818923363
0.9602741485303721
0.6422510397554053
0.5416078824226078
0.11874066511213832
0.623870607502966
0.8340503300921457
0.5159663063935009
0.3399270074463394
0.554098550589358
0.9083850907050851
0.13159189055428244
0.9648005400303563
0.9298979651966074
0.023032745514502073
0.0387722064949203
0.7505526265134833
0.5173500088052089
0.6368002368856249
0.940785819962167
0.8966420875474927
0.6602372419403154
0.9389633740668175
0.7909170021321932
0.05842512512973441
0.2251771927882027
0.4208901336852813
0.5287507619942072
0.029875816401723987
0.7535450438058013
0.3179565628076847
0.6625005105681789
0.9450896412441011
1.5124234183468512
1.483556872714922
1.7991915874004663
0.8092603505510411
1.5400922160049002
0.05379764508404694
0.04969754692820072
0.5937948078380192
0.3512565348454679
0.673806480249351
0.13539192572661796
0.05854011693768213
0.9049659464051495
3.1960871355461933
3.6405629308403094
4.1742070367534
3.829580823592031
3.887562980183391
4.525274560510433
0.6886859234971758
1.8973431150004278
1.7804717618896553
2.602670100106692
1.1350470743842116
3.0795856421729
1.7148813338003315
0.47789663252081294
3.4573029948886425
5.989056009766106
5.798123255319331
5.234981449594294
5.64525494121647
5.622002708454497
0.1718943585515741
1.915831250886475
5.087113089604578
5.273374278945278
2.8703803816419717
4.073626696065346
3.274228404305474
0.18024234504340553
1.76545412052542
2.811845651163415
2.9691350570755173
3.0148978358077674
2.9096154147973383
2.7838248356734834
0.6781112733641447
0.13880526514046398
1.5656596010631454
1.0920801879150837
0.9903661561740396
2.6449641687040004
1.5851459653423958
0.20136695833510776
3.4036093848483486
4.815018420959465
4.749086784689883
5.0259306396617625
5.224337823187707
4.97630736587185
0.9086688333816592
0.8142452500496263
2.5441865165494812
2.8784162941155382
2.6456854802106053
2.238731412579264
4.697605030816445
0.38247888020663734
0.3242400511472635
0.22175560930536664
0.22724554266283203
0.37908786172433007
0.3772331431679432
0.5780079011659252
0.33967020938714393
0.3784221320289144
0.24525911887300228
0.5257122808066154
0.15897073902088302
0.11210854156082822
0.15904495568892263
0.22856188127095312
0.4871727825822105
0.8612246803610318
1.4666454871115266
1.1249576809016766
1.2490598187823132
0.7720114401432426
0.3704582785208762
0.6600127784238127
0.9435788723248291
0.357183678312717
0.9980616932924955
0.280631542476224
0.39378860083390577
0.9506930857345537
2.5848623479807245
3.1312258106674715
2.919645828170626
2.894148659695126
2.8477756061348645
3.7432348266767863
0.11061834690199712
1.0691692638229267
2.11756497137347
1.1162395905846916
1.002887626991943
0.8179120454214449
0.4848553167474461
0.3761792885573736
2.290618140160686
5.1513581279080265
5.317293568140535
5.121477851485202
5.256778449833611
5.129455098689773
0.7342869659314183
0.9246999892438204
2.102438223646314
3.3224667656807934
2.4936756022242985
0.8384615544537808
2.1710265019602306
0.31341735143177807
0.7146919296826703
0.09745107497147343
0.8714928298666478
0.07020455182753338
0.8755498308639074
0.7346135556817235
0.057911816485713086
0.4280972437764715
0.9907815314530638
0.6301494432802554
0.8653244185816937
0.7039157642057594
0.28423168428388323
0.551375840804253
0.15691925793846806
0.8868836803485874
0.3619937974776849
0.8710225840421482
0.992255176124853
0.2985484266725793
0.08863507669879778
0.39378702015916855
0.5833165221738696
0.16800911788074813
0.7566960685132325
0.7604425662245209
0.43131004094150405
0.8827358339295274
0.7074547504916003
0.47152373598954256
0.6347118311507836
0.6215537451272225
0.42129590781555437
0.4095243667468045
0.7350504846846838
0.05390479176954277
0.23762885332314387
0.10670986488729006
0.6241381519206308
0.7982885977855944
0.2871471208545795
0.9050584486687491
0.9749384631776774
0.37282294111248304
0.9233264306274718
0.5855103165910482
0.3779866192913497
0.4421540194137469
0.9254077284475191
0.0056176629635728
0.8662533198010646
0.267484719655385
0.011714639974347851
0.7778526328559071
0.7935711957831552
0.400279445290027
0.7500055317224436
0.04524468644847679
0.09521838705886898
0.8252416940788195
0.7806620800824203
0.9666819377284385
0.8039810855253876
0.954451056133868
0.37886820745065697
0.611126405885385
0.3209930970305944
0.10208404255726367
0.7735343031661565
0.5781560608844614
0.34787684132375274
0.3279334499980866
0.3135734455001038
0.8116612149552245
0.5751873241120546
0.8279789577677392
0.5262379406528435
0.7541867802437601
0.19188667409666427
0.37155148436936036
0.3475759849918445
0.20132570117383053
0.0315536589930695
0.6371725191766432
0.32166966741498315
0.9587334616268114
0.7032590752733416
0.6829386677561022
0.3631675153972518
0.678746905519629
0.3685144341324832
0.20236116987746933
0.7567259800689617
0.059255451449669705
0.9204280899890247
0.6628583496577843
0.4273256807597725
0.924386296565053
0.19717925183264062
0.9016391306925073
0.15703054347654188
0.5747293735621944
0.5191472846147305
0.26250378272112385
0.34660850345619587
0.19424208146610222
0.2775096042057803
0.8971278048548332
0.12453487983438427
0.03163767877519019
0.5218489923260728
0.42568359654982557
0.19904731037873352
0.5099612019345943
0.5036336925565117
0.7187895526833107
0.2792162829516533
0.6245912379612346
0.8309738097739019
0.4797987197203931
0.7486169525008294
0.735295934249215
0.8225386564834948
0.9801610974890851
0.29755752155417825
0.586195327276987
0.052303840738683105
1.0302935275902123
0.9161714692649338
0.745269039713916
0.7340836760873859
0.11142499598867162
0.3303793953947529
0.0679567004978725
0.8508242710675261
0.7570517527710123
0.6941152206010082
0.3511601938290102
0.8028448858777629
0.22787206336291188
-2.043279836741214
-3.0797501601357298
-4.106052072283726
-3.977525219333815
-2.081001778164835
-3.22817674181425
-0.6809388876263187
0.023514301005989058
0.383202802119639
0.332548595482983
0.5808281884386493
0.7121703319916612
0.6804356917878216
0.012463470895197393
0.048776905323349884
0.8122426745995711
0.34406343359718294
0.9074971847831822
0.18168155954540244
0.47326223260197253
0.8851591735132678
0.4820263169291431
0.9260862420606413
0.09760635321293931
0.2162542318901648
0.8260911077135286
0.3311770183672772
0.8928113926965972
-2.194949708803552
-3.94352807772115
-3.7644429325745303
-3.141374404262012
-4.1335124083904
-4.2244125123777545
-2.5484384722627658
0.3008702829988274
-0.747481480256781
0.5899299372942315
-0.20691218202509576
0.768835618014444
0.037453034556578446
0.5804331705819743
0.026675606172540587
0.8766013618033232
1.0578214282719725
0.1968795203813271
0.7839110577527282
0.587984965380046
0.015559920382508752
0.8446778022219571
0.24449567972575192
0.7531248204559385
0.4949568029597239
0.5374745408577131
0.4627611083241525
0.9190092084421553
-0.9078878166874451
-1.5075709793924117
-1.0677354130939698
-1.6484696215636252
-2.52714775069217
-2.4775168413495496
-0.9167479831110182
0.4009592273786269
0.9494864894878609
0.8531653803441899
0.3939297039863098
0.9840690357411505
0.18006762828860368
0.9881304810359743
0.38826999479429286
0.3349549880023296
0.2927725669023331
0.1641869401856476
0.5424875864444673
0.45165979698741676
0.6292925370220507
0.8855567192886356
0.6651357139897268
0.4784365240989319
0.7591868546436901
0.8016433314100875
0.42058095504788773
0.4224325535854452
0.623921088677366
0.30095602308874664
0.16171859556753856
0.5670339956889409
0.5258198748469036
0.6007057954648732
0.6113926881302156
0.8934199641366112
0.02826221900159509
0.689410442455296
0.4784074735813387
0.5684641143201059
0.4219923239233073
0.9613130248243561
0.9574244829112473
0.7856006445458
0.10839025429813487
0.10161187696149077
0.6996461077054845
0.9218372805372695
0.474638182396768
0.5121258033500009
0.38980351461168783
0.0912030743658594
0.3010747228913365
0.14349701478074317
0.5123861286960043
0.1130869065129847
0.5600384433182326
0.540147503591411
0.32102886387256035
0.35692647471711053
0.3019081693625249
0.5349540720003276
0.35109792998217854
0.4281990775880591
0.032136433087679106
0.5938691364155102
0.5812190532241293
0.20105989953565406
0.09932362963442809
0.386696144576512
0.8778248827596301
0.5560749853618222
0.20681854683118978
0.5322731984181107
0.5965032390258692
0.33994943364079544
0.7525114309126254
0.4056194787491718
0.27294347351360504
0.9462332030444404
0.8376209805909517
0.3736601339940683
0.8311785508629013
0.9043856351455474
0.5327428585113844
0.3937962368126906
0.16801569445640116
0.4494466309273145
0.393809743037441
-0.6177420134804997
0.5960932304545485
0.6639027436541863
0.6335518156566928
0.7687090224265889
0.9615447730322234
0.06510855758692546
0.5200715425528588
0.8128671903260163
0.8857231182674173
0.8186966579814057
0.7546360912374239
0.03916752947383506
0.030083386936112455
0.3910100436432564
0.26427617998092323
0.12776457391327922
0.7663430963774213
0.6726542231192605
0.38492880240301
0.9060443811736424
0.10984438483953962
0.31958616817324625
0.4263560538985666
0.4461112432083304
0.43951332300348767
-0.02265973235675503
0.5143291462251794
0.5069700321542107
0.43781371275574654
0.06961680210579002
0.9492990007017695
0.8850428962435266
0.21486602981942154
0.7508923188742683
0.9048008650023135
0.765516609793943
0.28144696031518157
0.506083621222093
0.8403791835772834
0.46352629980652643
0.5336922092292224
0.525803823492619
0.34639690022147296
0.09639076585855033
0.6226981363920722
0.8323565371731001
0.32559804338898846
0.8952652409374132
0.3085138653932282
0.6183580494516908
0.30028409217015256
0.9273633592551551
0.6722024958658926
0.4061663087455316
0.7455871752864808
0.3063045126734609
0.01449740642986641
0.29174678259432185
0.6985374976191755
0.04828220143035744
0.9990761775166966
0.23423259496593773
0.23881143720532072
0.5763761470444779
0.7254694594261413
0.39439939826909187
0.6412330434485373
0.4513684765941732
0.7416113230306235
1.337069571220835
0.5984533290161882
0.09371865833738813
0.7181044422270114
0.10441733279568577
0.21026664803785944
0.9375927563915036
0.8892086252087524
0.5440871346923788
0.47158268472696224
0.46014501499187016
0.48776636454083455
0.44962736907433637
0.17989956445735822
0.36960395531206525
0.40677785307268843
0.43332418685737717
0.649498567866213
0.01986009074280226
0.7449883188582921
0.03149090477042782
0.6620240734659825
0.24156930701305235
0.7303351958995057
0.2988308717994326
0.7023957018246314
0.6397259741218948
0.5150836418163147
0.17733869284655177
0.8707265440734091
0.9955275222317843
0.596398591194732
0.765248211093557
0.6633856877174764
0.34737079071847754
0.5770619309474208
0.7888091462152982
0.5465260644375708
0.5580798941045939
0.35264783606445893
0.4407995751471919
0.31280949038001293
0.5600068673411398
0.21182118164848407
0.7822024594781389
0.6829647732816729
0.2563939958461523
0.8117411638485588
0.8848312956318116
0.7942768143425748
0.14894325729330238
0.13901796482951556
0.600325870421192
0.4235099000047782
0.9821445651728151
0.24561770490504264
0.6399437380682962
0.2336431352982038
0.15256846899519438
0.2478133329385922
0.6180005320546208
0.5611662814495251
0.624874320135714
0.7208749766392453
0.6877050985649373
0.19361845162001948
0.2692330666414505
0.4656502951495932
0.4125735048148298
0.23548669521324692
0.24627527458237872
0.16093067887837964
0.9957321786255522
0.44222171050928316
0.8169732893393895
0.07082135662216738
0.1368539160304294
0.5038139324826207
0.9133650886831896
0.17051667525394393
-0.6946131513705709
0.4875624884753582
0.4989172838437593
1.1505840117370947
0.48090806966155697
0.9192815728259063
0.3175031117068795
0.7132261567825734
0.30712491400799946
0.41623850141644236
0.6711861212314212
0.1479975403782008
0.2888799852632935
0.7085454504365712
0.7565098570470664
0.7251650555144056
0.7971706206406384
0.6453308836539022
0.636752633991507
0.6972045983292018
0.9489801426508935
0.14953009667136818
0.0790104537594245
0.40915442569060656
0.6433204903665791
0.51835070411616
0.6771300350989244
0.5452183879278943
1.7827829191900129
0.8965188744560506
0.8911966943998404
1.114900899608519
0.40925634262942784
0.6792461633115919
0.19131210189034376
0.5750053472726785
0.33668430300466856
0.6389131917858758
0.9265557551871308
0.6594990329419502
0.7966851262280171
0.3542691809094677
0.5247749168437961
0.6505269966591362
0.7187981663906763
0.40897568011761914
0.5054943759760364
0.2029949588155946
0.367686097832879
0.7482671087444849
0.3573383895095297
0.6713288245846525
0.09483767344239735
0.1384494636233896
0.06954252208560052
0.8176605675761961
1.6457823818723207
0.7546964902050926
0.9856861246454605
1.223683814550934
1.0023699605881793
0.4260653194535211
0.5625311215679903
0.3339349734098658
0.18610951892675032
0.049039970480273865
0.6832945349433311
0.0313219922734741
0.4581338803332846
0.49462917100207526
-0.0068426048789258995
0.2081671233580399
0.46574173359049387
0.4523475547182296
0.36596663832874415
0.497618272081923
0.37605344236404215
0.11221853956517547
0.6010590591614421
0.5273837176194771
0.1885828812291972
0.19610390383027357
0.5753955727039725
0.8853276760562813
0.9015260163634528
0.34047222310738123
0.7953211355637235
0.5832031801098169
0.4511290537973799
0.4168731631357926
0.6308372969375783
0.07892643047075354
0.10577427796401218
0.6853056923042712
0.8808583972159166
0.5755866111145527
0.2519992682761527
0.6631209136086905
0.5807430952641671
0.426923654269534
0.6108210239012015
0.4132168818308461
0.4699897384774148
0.18630644491484005
0.4420094967948116
0.30425825093797854
0.9234775504696796
0.27190587184391835
0.5508027597151616
0.7667965172218691
0.3364881532980113
0.40659355501844224
0.7682821317840858
0.5424753343520757
0.48011990484986566
0.8121330859968049
1.5882556546878606
0.5984840284932026
0.44342147146420374
0.7322010135590675
0.23993228511549347
0.6004195337425189
0.8844119977984574
1.072794198598762
0.24897114258773367
0.3351559041214527
0.7029612665274647
0.476470155854701
0.6434370559928467
-0.08425361861389191
0.35854073492013755
0.8587659812709629
0.7738599157262178
0.32673603713040184
5.626585715085008E-4
0.43879969464817625
0.8754251804825061
0.45799097455962356
0.4034834597454049
0.3658796042808454
1.5233093332628735
1.5462071888350433
0.9171427697975824
1.0216522989866073
1.6711385734350246
0.062072027425706944
0.42824750116508326
0.6712153635577739
0.3507467507227072
1.067328283898119
0.7499141724724359
0.2168331982227536
0.23878982469191246
0.48538101514782306
0.3683559913134373
0.2831090823808991
0.43505496310709657
0.6178941291326061
0.42777549052063013
0.5117163503611671
0.012300589172082876
0.254912334322441
0.20045513382570446
0.5701548289096473
0.8619657427688147
0.5297709070056631
0.1673262816465224
0.3577516899455856
0.6092488948238789
0.4351054650797758
0.564795304515496
0.6944078838919774
0.27201924878098194
0.7027340882196752
0.7827123059240763
0.951188678673687
0.3672320773030404
0.18993857310777507
0.0525628247476968
0.09129116791261604
0.16656179870178922
0.3254755556770451
0.30886774105961706
0.0656288076545574
0.24334927540418694
0.3115420702494424
0.2977533549558433
0.16932600902289108
0.07054016659213902
0.7077267686798506
0.4030367843754715
0.24286573642419562
0.5388798077339415
0.5549237468551996
0.1301003844006775
0.9926638447946116
0.8437132150522136
0.8488605864760662
0.6566410774475746
0.4029479194121157
0.029094539407337083
0.6520923286417724
0.9693855945580184
0.5024324267699646
0.6781313812413449
0.9973642923349773
0.7457843699405431
0.740410927555231
0.08550259827169893
0.47735614351987554
0.40288472863507835
0.4091668750046192
0.37010023111096924
0.5670944281304331
0.3500397409895174
0.11568773353973172
0.20282465853599818
0.8166592687941736
0.22295738804548126
0.15639174980007708
0.8173003574191043
0.04472949598830589
0.32462218993151737
0.05565065685094217
0.8167915849027247
0.20195604893763575
0.11388104401934884
0.6942181937942401
0.13645707538980753
0.06547985273432
0.7824215524226907
0.6914281480244657
0.6201148970607536
0.5419389106913567
0.43642796297730946
0.02409745295977983
0.7171404197326086
0.6796924812032121
0.6383861715026204
0.6515917608775245
0.6383745659904274
0.6284726967428448
0.4714766549509884
0.6164582337848603
0.8137255087737878
0.9009897451167377
0.37341917399280455
3.5743062829063366E-4
0.5976408627926941
0.030138004016372122
0.5602299687705202
-0.3092324487855096
1.643623728069512
2.012816563833601
1.4478301112502572
1.5661899631399008
1.7579861122483602
0.493281250034026
0.37889916981322813
0.02461555827841788
0.5024413765664101
0.8508091098891043
1.1657459501428173
0.6465596915785418
0.3125539390411014
0.48574481404432046
0.5514005652820847
0.5240423092154285
0.36438436737611446
0.5290875380009123
0.5283134169697975
0.4560025914321857
0.2993466921505301
0.44620461974976144
0.2171125109421811
0.730888436528254
0.44783153288013977
0.8393836562109936
0.25914254102099865
0.6134625694099523
1.190074036297973
0.7014847709053544
0.8857499791330246
0.9339766670353161
0.7809829983813703
0.6839441340533339
0.3187618369681957
0.7260976629485051
0.7515254492241324
0.9596476859759433
0.05982288075233411
0.973874577500463
0.3295060980173623
0.4536311242817552
0.4687992532502604
0.48628136381432996
0.2550618530082472
0.4243135189345783
0.44675268464031126
0.4616295415907465
0.6972534527044844
0.2563207943422172
0.6229501553755792
0.6238043157773172
0.7562429316314023
0.9094992657790095
0.9534254838991542
0.777392779798205
0.6923297204949512
0.5496687859659243
0.9735788397893427
0.46839283451728886
0.9490907797000189
0.2517045040925884
0.025191037482995116
0.9458121393216201
0.6847249901213164
0.2175651213514742
0.5398284557929313
0.5567877113727582
0.4803749987492508
0.12753714471441197
0.3318101195593392
0.5390503581547079
0.3914911978665161
0.35148570183497924
0.2161812942860354
0.5708264949954279
0.820747491422597
0.6976301209276131
0.35418058954258247
0.95620862781152
0.6421664767990493
0.7418280385328331
0.5370164465137973
0.8530920158321434
0.6771728928757292
0.8811019067134935
0.8801957821449085
1.578539235942778
0.8757324029318071
0.530458125093901
0.16416257210936747
0.5898043373797967
0.8160381537771816
0.43313237061041254
0.791777936324171
0.4069230257625681
0.9645721627931688
0.7431432563644482
0.47634103833112695
0.6695377433192318
0.6003636033235804
0.8410309684275017
0.4998618259811518
0.5936218028105584
0.8790488896509113
0.26884501795640736
0.07830253886442529
0.5847066578207675
0.39816831681222475
0.662636065263246
0.11042557039523282
0.3932619458090839
1.3948425461005909
0.8793822283184796
0.7173933422329968
1.0436248664412158
0.8552786061305525
0.22058623823363854
0.24759878072260455
0.032825724691609603
0.33539294422027455
0.9181248688939366
0.10916091472054845
0.004089528700047973
0.17667743782077805
0.294973565758169
0.5923836517213176
0.4907821889018086
0.49853183360670633
0.6195884822879457
0.4870725580256316
0.4056764658225265
0.921267199650616
0.20162534724152492
0.7037076831059008
0.09846704572222964
0.5321061212906816
0.5352790527073867
0.7176414470572943
0.794249182860901
0.31363591904769517
1.0384635427570783
0.9383451162608867
0.6449465751161936
0.41598720824289
0.33261153026179213
0.2889428720782572
0.5369571787218792
0.23408796292709821
0.8146995629920617
0.414349772435738
0.22919136513853766
0.8778086941378922
0.43134383485477085
0.5093923053748778
0.34328106027192434
0.5719526756566212
0.2927138589039981
0.4642767727246271
0.5798375509435106
0.7641965558580635
0.9019471279952364
0.05032010093671724
0.3825217356715651
0.11390740187184478
0.024478879385389285
0.4554361257666002
0.9273958504094587
0.17875942815216506
0.3186063373954462
0.5692119525466768
0.04762251836291598
0.7251751981713006
0.8147105185441068
0.5831470385701669
0.23218412078081818
0.34981371906225556
0.3895682231225117
0.04270658331491939
0.8099607891278172
0.7327839218984397
0.22341653325774846
0.6414623006036867
0.29705682640828346
0.5053822207194826
0.5246392503735423
0.5138714580384942
0.02730829886820696
0.4632202957348377
0.4504448863767566
1.1054474769488192
0.808964172990204
0.8631810448284399
0.43611659744123754
0.3346777386587436
0.4913589388148347
1.1789679473084567
1.6523507258864143
1.0510583712581865
0.8994098013750743
1.2425869699016014
0.3040681972439846
0.6449790578153971
0.015826230356048132
0.3708305157957468
0.40763864827645907
0.7607227238363301
0.8005073879139031
0.24942189693382655
0.8047997449762851
1.411946983454274
1.3720290676064448
0.8830612370734495
1.205646839664339
1.3826938982149366
0.05840863236835525
0.48983374780057165
0.5589689998767398
0.39256296936091395
0.2871625360096175
0.7801809030684482
0.5482287071104092
0.9583043753420897
0.4253959731432936
1.30850086428706
1.1382949505973616
1.3926885196166847
1.8842773831322057
0.8987238112602665
0.6595348602356326
0.02021628981940038
0.8308670840271782
0.7878724748446131
0.6344903899152652
0.419283481863835
0.582494996340181
0.5088672703754015
0.6317975712411267
0.5000901851275029
0.6510365195762653
0.9066807455497499
0.3977529913500133
0.7120490207451162
0.2763199138737019
0.3500251376627841
0.32218393603408857
0.4733562061660901
0.6738373634945962
0.8149553319215355
0.20382253915209814
0.98037063523533
0.37994177212033864
1.425186830586856
0.5359058200028192
0.7882450846512851
0.8039941566434115
0.8662835960780404
0.3291509091459355
0.08371075676891526
0.15438142297829271
0.24005701365393362
0.26575347448557396
0.5738147621918
0.6252668839846992
0.647114146961843
0.34408280957755033
0.42353663101298944
0.41404092898983635
0.36248146144939314
0.34310383879564743
0.29319621527726597
0.44290312447851177
0.3169282923580631
0.7887508494899125
0.8020040413082722
0.5854532021864881
0.6771756220550813
0.7842036107933585
0.45575706318063725
-0.16861174471807483
0.13344613739334973
0.5145639957344615
0.6544165005456735
0.9270761412719926
0.038452870421220586
0.15613959699502244
0.05647188346904619
0.17011792853936347
0.6245259520868117
0.16510798447014607
0.05248169792159929
0.4995741607614912
0.8379422720530769
0.850213711045611
0.9526389478032298
0.944791944612138
0.8486833265089286
0.8684179704682793
0.6930469858114555
0.4037389225074567
0.9593925589187137
0.5607676421640895
0.5510283332374781
0.6876011322487744
0.9644387616638748
0.9414101720261846
0.960271769217716
0.6562906531858083
1.616513030290475
1.3995059788080813
-0.1363091023547154
2.1414851769268455
1.8260755820341295
0.5605728084474161
0.31082878652033075
0.004005068410127821
0.22513478419767646
0.29572737360860246
0.9838946543343811
0.39027569221932845
0.5362681822321551
2.9971375541742074
3.4115323188346895
3.722661454214973
3.3113063549655344
3.1577674263080917
3.1755117335992
0.6986091556725651
1.8589963291192695
2.504685649722307
2.2849061797237975
1.9129950831392608
3.4311958210494433
1.8185879430396814
0.053560630124673936
3.2525775106300343
5.322176879492436
5.754619043979724
5.519769770664831
5.66251946286606
5.630303426253451
0.12639011141048684
2.944668603902425
5.711763008417908
5.013157203756755
4.550519627688929
4.739779003063802
4.958053786919835
0.9342243227603224
3.2906424125057465
3.4855560990035963
2.8093760982431975
3.3502827047963057
4.094029838689048
3.108427134890819
0.8422078125635801
1.8888866438045544
1.8537826097763146
1.049489037876393
1.2856790062649674
0.8349536724242025
0.8949379718278646
0.9630124302708346
3.8976116427279948
5.470068234690362
5.145263896691811
5.381539797512678
5.526109784910453
4.660332195203642
0.5009651929765973
1.037271768739503
2.5012638999766903
3.9822205317754507
2.9676984353468647
1.783183260939759
2.674713810982809
0.3023995720342416
0.2585343779478043
0.2633839678503828
0.5849635736900912
0.2995464435433912
0.27711092760057154
0.2895916386046447
0.1598397541313364
0.1312873382928679
0.17884477953042408
0.16524567025945724
0.6716292680625666
0.2734716774166251
0.6496432016574004
0.6924905993906236
0.4285646178568189
1.5040946120345728
1.370221304913399
1.427591251142625
1.2929299206931217
1.2136399365391484
0.05112246052297931
0.8356776953759414
0.02235358171953461
0.32428057615893924
0.030036986822472134
0.792027368298526
0.48557804503272184
0.5953024422685124
2.7094079414199017
2.90820809069912
3.319213754633686
2.918454126895814
3.0647146794418783
3.2518616433714844
0.5096061984810374
0.7247653763972305
1.790903115695771
1.4044924479088339
0.7089604281759093
1.128065907811332
1.52945724216822
0.06568033863373046
2.562658697580801
5.290700870066684
4.605109431680292
5.184278393014524
5.375717399453957
5.259096938904247
0.765889072211319
0.8201178473403455
1.8088251261992248
4.347718969694992
3.4325384860358215
1.2256028493786024
2.9000652739955686
0.5007207654487332
0.30409768921740543
0.7245998573434771
0.2404909851497269
0.9820968925971304
0.37610541724868074
0.0588893167546487
0.941194391437103
0.8929802517481175
0.23811739357536088
0.08366082221501103
0.17274276776725261
0.4605070372960526
0.6213007796406773
0.7215112925348967
0.3847168181401285
0.7993853087404551
0.563695904393079
0.12395577820236547
0.36483562870823083
0.6689455923096431
0.1374159668289041
0.34645476891222315
0.3744783301880862
0.3259183986002353
0.28821364058647214
0.48063404236231744
0.7020076390778156
0.8191605992095958
0.4688411459022268
0.24665710471428548
0.5228418267841571
0.7688417035341536
0.3579827665277526
0.6356245959933534
0.08119803799601633
0.4001400768478408
0.8481395274423561
0.31003871443228614
0.1156569545582119
0.36028813186864805
0.6586982108441901
0.11978554048752199
0.1391746117452768
0.6378448956976728
0.384517302969835
0.27175123804677437
0.6538945961350874
0.7243627909718575
0.5257154968412746
0.4031028299682191
0.6320894907709681
0.011155358494665424
0.06094827422211446
0.05142832256530783
0.6267878900597647
0.2976609337601853
0.42431133588677894
0.7893444634840566
0.6891192460220916
0.20293704130478585
0.3251095968494341
0.5968450732449029
0.8641356132753243
0.21810858298004077
0.7100834901604663
0.8815766659809645
0.41284585529819706
0.11513279397692067
0.30928472211280267
0.9253922361974901
0.06542462534220084
0.43603226469803613
0.6296459678646444
0.43494796515119627
0.5490345626508469
0.8267867595810325
0.9643899964226986
0.30477189305761876
0.353427272649841
0.051363883826856416
0.9717759157392803
0.6631477008319668
0.19846486622950132
0.6239067231932893
0.6432809203463994
0.7643203494310175
0.9499302208412852
0.1308871805706633
0.029168443340230832
0.31494509011923055
0.7934712760183471
0.4800711637194489
0.9184944896696557
0.3783648264399021
0.32125077016397185
0.5094320166840853
0.7809555874621111
0.08721506449436278
0.8118494137522707
0.6166872222602925
0.6695838958121025
0.013020046865569679
0.3911972337259927
0.3289223716351103
0.4561456288126148
0.1908571287891232
0.9507843721299802
0.02180565523658451
0.7252015834990284
0.4778311091373314
0.6691291278972927
0.3191849755687691
-0.4730814990016344
0.14704028817584064
0.7039638961210938
-0.4149561457754125
0.4958281984150326
0.3065341890590533
0.3907739858030438
0.07442416858928236
0.3204779891732531
0.052993958998921675
0.7709859196456541
0.5270111716643091
0.07711715305547129
0.3782826085315252
0.019456595302748014
0.829269637586075
0.5739833294373334
0.1153091653518572
0.15235693718594112
0.936643708482128
0.7745695767602797
0.7609216623511715
0.7053970924226888
0.4883031193102333
0.7354392123922351
0.8812267394953652
0.6850039873174342
0.21203776090110837
0.31587129387277846
-2.004714485992628
-0.36576249801852306
-0.6524413581456835
-1.1567310787140368
-1.3483223629224073
0.004081622849972766
0.7785213190390673
0.2622376991527827
0.16717841102799758
0.7779300363189013
0.7197845774649102
0.7733219806531045
0.7908907827481235
0.45534803290732984
0.4575442363537101
0.13758661981286657
0.5033889436203219
0.14921178470263896
0.0937277170035935
0.6060435178844914
0.2863653329139304
0.17753907484820475
0.7195953501576727
0.8671780615955589
0.4380024914026974
0.23470824086940034
0.370755638269485
-3.223638439097946
-7.15995900119202
-6.415594268809033
-6.49097004901391
-6.030252501396728
-5.560657619261743
-2.279975754631872
-0.1902488657126894
-0.2092562022395299
0.7844399176807324
0.3442031579862346
0.728583248501701
0.21271292620260507
0.2799435307289039
0.20268171089208747
0.8927683394408847
0.23833563816134484
0.765234268716988
0.5167940836212052
0.7956481221888784
0.5944136489214614
0.4686751764782443
0.7562034147791571
0.4026626078790756
0.08816965507051178
0.8483534354123164
0.3208779046102952
0.7878938085636121
-0.3651529070201265
-0.6926662611907888
-0.8962541678996752
-0.8509926203231233
-0.061111017047821514
-0.7043369290541592
0.3794134771084282
0.0451122329161745
0.795541600927992
0.8040991763783225
0.8704243114023977
0.07535935919724923
0.6593081502622369
0.9684872452049155
0.05474309299762514
0.4867590754445843
0.07351868944914741
0.4592019941799501
0.22956691126519413
0.7950642753858413
0.3098713031670477
0.3187871600726303
0.4709012803491178
0.898342772962993
0.9994248705293172
0.7358100319781925
0.781386092236592
0.7437824599730528
0.5173268134140836
0.624424314364218
0.33786420983306786
0.4257000054764892
0.5965663829116346
0.6072534846630722
0.28194281059907156
0.5169922829097964
0.24980454224245185
0.653060311320213
0.22962170099751955
0.3552190455314263
0.8397605700446633
0.47187711211726246
0.3281044091368897
0.8579045587803444
1.1917773263882898
0.9173745332232325
0.35736293404707664
0.9361575953820581
0.6175995890619668
0.4127537440427723
0.657831382157813
0.3958515408347353
0.9441626479485262
0.8079643722397379
0.9373766156447286
0.6285417676810954
0.20194564021591893
0.5262797876946004
0.4162451130235242
0.5450886566468925
0.291578058544802
0.12535657867035274
0.580441658532053
0.39190916660975644
0.16135405413149917
0.9430856223039776
0.24739391218318307
0.12953511190466738
0.16457690402184877
0.286428486357457
0.8577044659249778
0.20072416793719816
0.7875734469967479
0.34893559703100874
0.710251248097476
0.4599551555482065
0.3445928852597435
0.7783248169810373
0.011151991395645489
0.3648577235827368
0.10075314627674548
0.3624962235418715
0.46505347984030454
0.07340125456908919
0.26243582940916427
-0.7267688486606781
-0.1697548062539685
0.17739528087198428
0.16816788587908288
-0.7595232774508434
0.16103460230897873
0.8409598325724894
0.5515734693679104
0.13581893744404228
0.3963969244472133
-0.04190902560497278
0.7488829461197686
0.7026207013004492
0.2780897757609556
0.5343032556904349
0.40995100680173413
0.4308231213355739
0.5691315099624095
-0.12936403129671692
0.5346579354941718
0.28521502416396893
0.9573128109623951
0.9625535424989213
0.6377498712213142
0.26029433436939
0.0766447090772292
0.5321616729921099
0.6598080270549114
0.5227685715659063
0.5175342373182739
0.42320051442425466
0.30334523110204925
1.1497340253526687
0.6846644796952928
0.7396853235250905
0.16926246674110668
0.873162658442648
0.11052931440730825
0.9412412010072643
0.24166576910260046
0.7309339050347542
0.8822194269520814
0.5325048062302918
0.16676388829720534
0.45924520222763643
0.46010842182393896
0.20778482331391168
0.8749083825714535
0.7487429668726904
0.16638125183189
0.5306994171338812
0.650706776567405
0.35563296484459106
0.25318623581690003
0.962427955764432
0.28119653494646535
0.15060898527335517
0.3230537351952106
0.38474170953032877
0.27581121394338604
-0.0369354915571673
0.42685705686644043
0.8169415644686515
0.323259100291056
0.7080996151161753
0.6045987618115769
0.9315896994569722
0.5110852496013443
0.744607180350828
0.5525142078204925
0.8534437296073629
0.6158160764455984
1.2972456463617283
0.8917146363180208
1.4411269782866738
0.7425508294273371
0.012193102425673952
0.359023947412879
0.013911482234500006
0.21082806831780443
0.9602771867564536
0.3977472261742905
0.9837789366906178
0.4308211459524668
0.5311474105724943
0.4670935965183533
0.702843661920014
0.5241891828332029
0.3848752845170915
0.5566575602905448
0.2406444443894219
0.06061435317564856
0.07189962530967942
0.37593504743196315
0.9593482383526128
0.5165888808258395
0.5275412940619415
0.4545458017848286
0.8106617253776988
0.6827323618654173
0.7730847002004392
0.2602375352442714
1.1084504824819619
0.7412671331442487
0.07576291862448192
0.38128106758658753
0.045499085293383756
0.5000158863550592
0.22405498900214404
0.3724454981193578
0.8363305055443204
0.25613106318935086
-0.009806380573670614
0.2279371890291793
-0.22856556427813107
0.13855110456745534
0.20411085175904742
-0.9209662802625441
0.5584914805107012
0.6140085610832913
0.7382780944815508
0.8001435706475412
0.6578560642686408
0.30708465742514446
0.16847787475146192
0.551195662927207
0.49519153338265554
1.0082594442421349
0.2706933356037393
0.3556129121610571
0.7666038438037805
0.6177882026640092
0.6083362248102743
0.8014971581845538
0.5809489835077344
0.03140366284060481
0.3388478123855282
0.4460779147182421
0.6281867102921871
0.5181613560506972
0.43428324272167196
0.14406418759749762
0.8761309777197978
0.8733953499360941
0.7168052572977188
0.23477034119054252
0.8594652362411167
0.2824879382670086
0.9553318112903467
0.7025450235448492
0.9701083905013386
0.12675508664420954
0.3920003111094542
0.14383053441206403
0.2699779047328468
0.3864891527640413
0.35773034724601094
0.9167783615529356
0.9707470694497866
0.7811496081318371
0.17698737057142355
0.03474948493520702
0.31169140940629214
0.3027163841332462
0.2161159975022502
0.21141726444313058
0.7440625656363888
0.5595589148671007
0.1173991092219926
0.8873533476160835
0.6329166119156546
0.5016469180443816
0.5411396983481521
0.3586528051271396
0.13521323011592312
0.7105186843715445
0.9480735064418988
0.20073688993565575
0.21279430737741734
0.15611478553442837
0.7850664725149852
0.5219847854620725
0.6710177487647092
1.6906240737604146
1.5634159844665778
2.178070766616049
1.964077401430822
0.2866751830304459
0.8028000532729247
0.4176515087829983
0.6630727252215953
0.05184678590621683
0.9472131938983053
0.28062003314967
0.889902003030807
0.5535220718815717
0.6274457059166896
0.49494592731568204
0.6848580969244391
0.6225888448476018
0.6025681953385699
0.5024759224131958
0.8604914411966007
0.7041065689552034
0.5256657079999149
0.9596837299996284
0.5724885430755606
0.574057535990432
0.9646968568340598
0.5096243404590852
0.5913580445621219
1.3180946864236347
1.0456690794102164
0.4174121788219891
0.8456554966484686
0.5595617888127349
0.7357611981954004
0.7623993685103809
1.0600184537289632
0.31726764650429395
0.958611465702198
0.04958479153494566
0.06960270017227743
0.6848335009728412
-0.041568875070943145
0.3428783670347042
0.44683777242344724
0.25050665216407464
0.7700399170945301
0.4297924133975624
0.6493306810655396
0.35187826682404966
0.3018678318879746
0.6022372538778241
0.36152898167878444
0.477799148727451
0.03810587488540118
0.3867890617181433
0.7308826488265702
0.599462137591837
0.7874777470953149
0.03115303301137662
0.8979906401588729
0.5762846539802009
0.798543067693011
0.6148597769644365
0.4364987849088865
0.26544850690113964
0.19586378503477386
0.7162378826161153
0.8299990056780896
0.5823296929302832
0.393363829709479
0.75970653678707
0.6609799058383286
0.5261699281724329
0.5792499601173322
0.7523105635361604
0.946123474782499
0.48532993885360787
0.5303756003936412
0.5681829107571822
1.0613308245126083
0.836466799479062
0.7309784184563747
0.3430999760932624
1.4584729678772341
1.5393828392433675
1.1592855023489748
1.1278952872690549
1.7714318296710279
0.558645676174886
0.19787574209065117
0.9900657829035139
0.6990094453769728
0.9706978337146684
0.2437114634694605
0.2336277940188206
0.3690430986994635
0.4033841941504062
0.6283665314000466
0.6622064917614298
0.5801967137006409
0.6431772752600624
0.6750642420637173
0.6506877094785125
0.03211884887911798
0.16958882257151864
0.749923703161637
0.9164229557881619
0.2970982654042653
0.17068731367724632
0.30275769035612454
0.07797593246047814
1.1029369422596471
1.4446528397941685
1.1827999899609714
1.8260285460030679
0.78937386658486
0.07974871482020163
0.43905849749510695
0.2999740215529515
0.2874471860700446
0.169875228307389
0.4323875645079718
0.1438392440438132
0.5947406753847001
0.4294285220339857
0.6131521674008493
0.4414730721441313
-0.12549143955103326
0.5586049745186799
0.3477710303207932
0.5099827233884884
0.1678509559538116
0.8485417355270013
0.5144563003046023
0.6838212236904243
0.5275505243954577
0.1358782506715397
0.8297239031037648
0.4817827528125786
1.4222481044598283
0.7557249002610024
0.013319186807683181
0.47639556135131667
0.8960656757170969
0.6463580635370269
0.20689672862812702
0.6744055874024852
0.9082011738402965
0.511849757611327
0.9912477175114024
0.6721417747500789
0.7980711077585042
0.15594178399125125
0.5506287809122004
0.49168506731978046
0.40045815846350613
0.3267625909434527
0.5602502459774422
0.1712967408263555
0.46066496827452014
0.10792960487471026
0.6088925720462439
0.8302764959377384
0.2924992979551609
0.6402499383290786
0.6173085463963186
0.5531127188151679
0.008842488198988363
0.6281837134769805
0.04026698963152786
0.6009357658169067
0.9973652044385226
0.519462598018848
0.9819022414422145
0.44702261759209827
0.38494839843325324
0.29611344901702374
0.6075658030033432
0.22992549077625968
0.9403139728086866
0.20610648016684693
0.6766176545177192
0.588358726424783
0.3458154715651558
0.35776336169440015
0.7916353017314357
0.0768654014888458
0.9452566984172585
1.0873205395977403
0.5675611277223072
0.3211806295053242
0.8571165082976547
0.6732509687845102
0.4025019211064942
0.5000885953608635
1.2626058057214453
1.9464604155682328
1.5241540070848592
1.7585314863166075
1.6550129075138909
0.3101248404140463
0.7669006564845692
0.4966831402577112
0.3642620384451155
0.8431781494172191
0.6636981919911739
0.8967044237825432
0.8446877519370047
-0.3592239729769672
0.3393121506944499
1.0848620959301132
0.7151538955413805
0.6248853229189523
0.8134791739813314
0.5766464359420216
0.8371829851192362
0.40026500018554023
0.12369953773634275
1.0162914520880078
0.061456133720967254
0.4655071449883531
0.6253763539215944
0.46613913550948477
2.2932768630162155
1.6013139084799832
1.9319303928625826
1.5406334079174802
1.8950126629214235
0.8417950955192678
0.0843450214073872
0.30205366948023116
0.8175934925247971
0.3721503588790173
0.834959064183629
0.4361997843474542
0.8365289171102425
0.6592563817733389
0.42351818409775194
0.4533023730338313
0.5188668870886954
0.5925922837104902
0.6473404990904404
0.31770878282570114
0.7828354705905323
0.11332108120176998
0.7933690832361513
0.21677408960199518
0.3154886467877246
0.24017006886995895
0.38566127454401844
0.3088393138723038
0.8303215228933004
1.2634140536774328
0.9839703014346364
0.8046707492698383
0.8727414332154158
0.6931228845806227
0.14613004155048703
0.005835759274385288
0.5454196504841546
0.5838183054420658
0.7962954202162282
0.17255430891930823
0.33200675848466255
0.4168598600918144
0.38091546586304215
0.1702354200539088
0.4847364617606861
0.10657537319261352
0.25709622742453253
0.49520128086888
0.25253906194761244
0.40780397771192867
0.7329851080311992
0.09975261141737923
0.9456335766693994
0.6211432902935482
0.7559707212528662
0.335594303119342
0.14854587256688268
0.52950750710398
0.6897211070069325
0.237542099024868
0.3369711142930364
0.72689895365971
0.5317015546985736
0.6921894463424794
0.09265335057156465
0.8554266050538887
0.3546084198373305
0.6385814272682964
0.7868201396081302
0.3018984907801476
0.4865956277779768
0.17506382618736363
0.4189764525150862
0.5557848949484073
0.5924361863764993
0.48552950116177396
0.524471520706903
0.7987191590632384
0.7785244137350029
0.5535624015192846
0.21052538378966745
0.19083309517482538
0.8976972163485137
0.3946724948916619
1.565381036259411
1.5237629378188893
1.1523098626712474
1.0945675652086047
1.1191421996719317
0.7711132366105627
0.8677964703746934
0.45691263395748616
0.9070504113511185
0.3800812175818412
0.4740278650178148
1.063692765746964
0.9059779609268953
0.6268128067114581
0.624193429804629
0.5874817064901993
0.8879724255799575
0.9577822480795496
1.0171014427577303
0.6767107384002409
0.054141955073453096
0.004319005728090852
0.8062057913186845
0.613342170582379
0.37485188201034836
0.46660242496029436
0.918751121986005
0.6385385154966716
1.5019418261946953
0.9273351904562204
2.317136766213668
1.2316571683596302
1.583203946987173
0.4472152066678262
0.15127773510165898
0.6946624576434559
0.7116673209300673
0.20751411770542044
0.18376840430016605
0.3306348964309195
0.5065291598147591
0.5591314031308942
0.6056223607410044
0.616965337122422
0.5798334372554398
0.6180255373796536
0.2737160590107441
0.5761213914173501
0.23541840536391212
0.39700948201704467
0.5839043581157944
0.9179540180637117
0.1318035530696997
0.09734769923569461
0.6242373321200891
0.019340805278485182
0.1937870201997034
0.9713079693771265
1.2741680108950313
0.3418224473945539
0.9407517573976781
0.9385149926167777
0.004822243801601345
0.34098117128349903
0.2566894986612581
0.9989914290621403
0.6196004493474077
0.04273164401511409
0.47287858831082485
0.5138673212497527
-0.04174097428668305
0.5040066676127364
0.5972997067869351
0.5500756088243923
0.4852692129889193
0.5846576598604878
0.07773207791243841
0.06541813823876663
0.8117120371901668
0.9218844599339722
0.13215993894910805
0.9078577587931392
0.24182651432718583
0.8776530757978445
0.7256123133319172
0.4739376162897503
0.23463514055372225
0.06325828577322512
0.7979679075306277
0.2582650349906884
0.2727653503704838
0.5891153830285747
0.4552499112244699
0.2085087877672217
0.4097908453717084
0.15909156089833965
0.6086233287325519
0.49849682330588485
0.5178813373546973
0.3945776839506796
0.4913590117357681
0.5222867224908496
0.4832415165606209
0.12364234234931504
0.05162533409243675
0.5364297268091909
0.06767935040072026
0.11038149133263775
0.14208932855914977
0.29281453574606064
0.8529909154345755
0.5771039780669748
0.7828662792076315
1.1587249072984833
0.8449128797145771
0.64875991017036
0.954391784310008
0.3123136001739356
0.6323163573249232
0.8525942989620865
0.46701039128430255
0.22724805993140862
0.6418277697614512
0.2306146233084898
0.30141662099492805
0.6737077410984817
1.168571283996035
1.1514684604159702
0.7290324088579054
0.8325499938901476
1.5363436917976785
0.3425923585646249
0.3010988234442912
0.9094926996478356
0.3500275596254996
0.016136689479619326
0.28718741993797425
0.4321891993159429
0.629440202581087
0.3106474843137418
1.656948697569165
1.7722243923946135
2.3011423938192164
1.3801415669159036
1.7084395755564092
0.7553230513720717
0.2624286297651839
0.46425916443081994
0.6292635388455312
0.6574764374160916
0.7902166841295923
0.037557011896210635
0.8663069066323705
0.7243748561943907
0.7706153108974623
0.5088157382969668
0.38049800391343236
0.7216848214082079
0.5198416447358928
0.05958924550636535
0.5862530392536399
0.3602150048479805
0.4711459730790638
0.6805483057761276
0.1838846358448628
0.8747739182677663
0.06100532371988854
0.6766341711684414
1.312013988576335
0.6388748346908861
1.1860566237052075
0.6168192811550128
1.0864406827149733
0.31239745474738334
0.7938190824562182
0.8951407212639471
0.7836825870589119
0.7296070523493243
0.6996737373970944
0.8645011845281024
0.7542895482527733
0.4472237446354149
0.3585955079446989
0.2117581997960272
0.2949033287786149
0.430477390875297
0.32306837363215424
0.44508088926907563
0.7035079420323621
0.4792342197503897
0.04887881398910787
0.5160780026059907
0.8797603319037764
0.9439826466314188
0.16688385441367282
0.7125019208722133
0.6156970518151037
0.6694162410513764
0.4008127170743959
0.3017807114124247
0.18305392955962363
0.8795655636859451
0.9084257268725923
0.09998258872846566
0.8014819465197391
0.3522735341403299
0.47342678798307636
0.33449857567649455
0.3528469421101531
0.5980793688583463
0.5077015567953681
0.7314708367293733
0.5415707049269126
0.8820149850248302
0.7115017592291781
0.18742160757929682
0.7512380599820709
0.23095523608780089
0.7052828858848228
0.30843985326609535
0.5263793740210289
0.05376062808634019
0.20657335684521594
0.3987520136076211
1.1880350810791245
1.0178930439166547
0.3464317051432075
1.0307912114593167
1.7791731636763566
0.32691648906095905
0.5089267993581968
0.6405745618842431
0.34559615580004444
0.44736337889438194
0.5225596860590039
0.5190363716224943
0.8640424627329943
3.593241906942364
4.423028899887719
4.663087380824163
4.99088593708037
4.639327840506864
4.362423423332693
0.4628002585803016
2.2022851821760017
2.35475117310806
3.0247976527328326
4.062997838085804
0.629538714139001
2.3363651224736834
0.6499839951901379
3.4072088842114905
5.460339192345968
5.528234838664504
5.268246703659527
5.661914246455726
4.8909405414358185
0.5072878440975682
3.3278076518992408
4.687912865565461
4.996640301249397
5.208062983441335
4.862008019094092
4.52087271214457
0.7232724437934207
2.728914374248154
2.9324452912083823
2.8461731698032238
2.9568468916462614
2.018521247635241
2.695247039137867
0.40211400642422135
2.1804353132571097
1.5090312770462322
1.0333408155971955
1.3232937594569314
0.7871406666974765
1.425200991486238
0.12813515294960365
2.9881750704234293
5.329676386097475
4.793025841337852
4.990521837532047
5.43419667736744
5.0527983317477245
0.5212563621546427
1.9651469106843016
3.331270960505395
3.6526337013285404
4.10362735123088
4.417170216203941
3.879264783129064
0.21806931133365803
0.40083302783842073
0.37734548899585757
0.4357078561890933
0.31828271382469425
0.337914215555063
0.2789809717875479
0.42013863031095594
0.4662460585813498
0.638449355417755
0.8175394584283804
0.4533000970777092
0.25585329871866774
0.7501897859488228
0.766505332594006
1.026922644163072
1.1512788549610742
2.2694817136996126
1.659443917989217
2.553959861471663
1.3170814095859817
0.8057838716047537
0.20183513606625547
0.668182245247245
0.38218403775298626
0.15553322794813296
0.35637053782022177
0.7986200106406013
0.38138853581920573
3.2165693864717126
2.6699700171413214
3.705433223851201
3.377597223814445
3.360582070572981
4.078167966501384
0.4747992295638195
1.4744696385348317
2.2807577351557917
1.7063965226365374
1.588918634704083
2.9567068189257077
1.386812685916588
0.7025185318954846
3.5603117974955647
4.943726116526989
5.19786598839543
5.290415459731154
4.693146527962799
5.275854491872251
0.09922221623614969
1.7024036888309864
2.5321982253213893
4.544091900544064
3.0410746034922242
2.619729082848318
3.956457945248361
0.8676007532454401
0.40294916570674055
0.4380444611031754
0.43777511332503594
0.4610590001904922
0.9734004971722983
0.9940126050340482
0.18852921618905272
0.3162762591598234
0.8048505671591422
0.29293850308135105
0.03332720465765904
0.1130801122009617
0.5666687825056614
0.7068140614646019
0.8247941182528719
0.4700372765218802
0.09581795859459163
0.1564046357889043
0.6684719156503491
0.034962113416157625
0.789482480673142
0.15232723709513318
0.5835103787594201
0.9140720585742526
0.49165460856198884
0.23545973972584544
0.38072069993304913
0.37194923596498
0.07854400415763552
0.7805789057832888
0.5453752639215597
0.18075698447086197
0.3080261219515499
0.46403889817201416
0.7881146818840954
0.47469867995034665
0.13994746152664117
0.5644663017760656
0.5845488350562675
0.4744956101985405
0.656956484885743
0.6648614373359161
0.46261590820365495
0.9866992662699658
0.919631186046592
0.2551596950224685
0.016489649274873064
0.15394324756754096
0.5750257198361238
0.19622150941491778
0.6268015886988604
0.534778208770843
0.8043596280708979
0.9993823004310726
0.649171808758139
0.22552286940485788
0.24342543012810947
0.4001091480172114
0.39651804223296816
0.40160290096944207
0.8383915255257359
0.7599740707837334
0.5853397113527082
0.3521388580653111
0.21002862102914788
0.4180681761560858
0.042150203248805584
0.8090831112774329
0.9909904360778821
0.23114530089321494
0.37345654602634304
0.13099471576928878
0.7736297562073549
0.1911971123337528
0.9911632632578028
0.6915807278341054
0.7599335543814036
0.1898264809572685
0.3550028486655751
0.6444210229141071
0.9405116379217515
0.7106994623758477
0.5445722803531332
0.08783270765570184
0.6461755014845343
0.4745204980602856
0.30578155663396456
0.5376199938358773
0.6134950920829169
0.8353895499844322
0.5299965621062552
0.5304935143859805
0.2848230917499346
0.03306370573144701
0.7188855422984605
0.12723268520084152
0.9236278453795121
0.24256022151655388
0.3639545580478336
0.06220374989012545
0.267577369488893
0.7307017444436505
0.3269840862938018
0.2946351245466806
0.8646688661821333
0.3286184959998055
0.24605577651968769
0.7570905859734824
0.9417992410376314
0.8598866404127227
0.7115842334795487
0.16787003255094513
0.6279616706340297
0.281325638388638
0.5954105104318951
0.7248420226233683
0.8759429227074051
0.4904590968710264
0.09692384253697128
0.8461196093349898
0.5418047502109339
0.5520376534679576
0.9882618117339594
0.038614657165840116
0.6943967512187736
0.4708182978029145
0.23436592297191428
1.3083155063915537
0.8531599758751922
1.0032505240068437
1.7434704817462745
0.6471387074030737
0.5632381426361527
0.6638967829187444
0.06745296669159895
0.8706730602006313
0.442671499739579
0.9937327023736947
0.579115250584422
0.1320627513884296
-2.201037244735781
-4.334095876445598
-4.836468507844066
-2.775683381542523
-4.941755042944484
-3.9421042384509355
-2.110088363435539
0.1165753469277333
0.035929925904512494
-0.7695004681486055
-0.043429142437661494
-0.8307119739675125
0.2975859164899403
0.005587684571452978
0.36379909236435604
0.24310354407514423
0.3316504404271897
1.0219436138418523
0.6538345006918483
0.5201113212436012
0.25531874449002767
0.6345711248986902
0.40270279597274083
0.9348088270560285
0.5358984463149753
0.2465772473626634
0.42031347349508386
0.8038357574435214
-1.251583152361759
-1.4006985183037979
-1.9735845680552027
-2.946624529154552
-4.074117692707395
-2.9370956849047682
-1.5010967779933853
0.5722913820717549
0.6530222366470972
0.3676643591913993
0.721664617012273
0.12141804438226611
0.17036068092298629
0.2783969817964741
0.7127285009946762
0.570654407742105
0.8565930470332386
0.7535979671147792
0.1432626055941817
0.42109272165867284
0.8485160619160964
0.5947008091651781
0.8552246158092066
0.790783521215176
0.005762566040086847
0.6080525046175337
0.19720119016130888
0.9245201558296245
-0.819770774878271
-0.31475653264628767
-0.3501265507449032
-0.6001124664293391
-0.537662608267602
-0.009684047191354711
-0.02440198288320014
0.7401789054772887
0.20583740957307484
0.7008506654345279
0.29940278974034645
0.6481856576888733
0.541482926519423
0.585524336762237
0.09448777859996571
0.5308535826550832
0.9175031496398875
1.237256502092964
0.762762032303193
0.7346312249249828
0.5612666115268274
0.3628774611087816
0.46626439975890244
0.9825615464115148
0.9337335510360953
0.8586957504039677
0.28024824426279404
0.6291455184392768
0.4808399374605416
0.9851695863083395
0.7688193879303504
0.9556167896997041
0.5278973373225399
0.6145053582172616
0.14588917059134754
0.5556101566961398
0.6228711689623306
0.14707533230649072
0.2461126295073205
0.398994488791484
0.552858362089925
0.862044183165692
0.8226958617045691
0.5520873431170287
0.9331216264443506
0.5866414316217351
1.2555705446184335
0.653364617579011
0.7610051029743681
0.7502085952238169
0.10314854196374057
0.6388124667584202
0.1668300428362608
0.5667123049553678
0.1341636031703355
0.8931877858852981
0.08372659557148124
-1.0315930987064184
0.43596493781033746
0.4186297714779844
0.3831289018105132
0.1251718850064241
0.5241692708926462
0.9779669810231878
0.5112679448472852
0.04679086604321692
0.7567901651847866
0.47807142662170754
0.5914315408412454
0.16564687737611528
0.5805064376483458
0.2318273686632818
0.9376906833316895
0.37740146007874475
0.9002925034063115
0.7617377489340112
0.025065250175704934
0.673071991786843
0.2626689704078847
0.23233830723902127
0.5929740463295614
0.7198331325322723
0.5309093221305401
0.027635152818148656
0.2774383526014992
-0.8869239999580393
0.09934315726017048
0.3761955914551869
0.364428810597173
0.4646628812485015
0.2743077963158431
0.2265903606716405
0.7522213103338099
0.9141906242935017
0.7875917129017038
0.7837173687806652
0.47609413736192197
0.9717726238888695
0.3163743793186311
0.047379754349077374
0.41267447002488755
0.5718902546390014
0.8195699839430244
0.8540838597774356
0.753384873967345
0.8249762572778753
0.8916202495086138
0.12383989510521975
0.5904947773117444
0.465625093459863
0.789418551339646
0.33977305035086847
0.3426884077654303
0.5173075101743647
0.6337401087321551
0.6400817288677411
0.7165530236313018
0.40353617625807653
0.7262279136251195
0.6902247903621597
0.6767116523080511
0.3446044173588646
0.4367205983209709
0.02262429561449908
0.37810175360196996
0.8944175449968038
0.6757599186898997
1.2102003424622316
0.6004595325008499
0.737582362434086
0.4001908002767054
0.6228567453351718
0.7724383074356789
0.968775841264917
0.45248535374162724
0.42685860630232153
0.4105405989505806
0.05177662826465301
0.9487251079451371
0.33587833786731003
0.528978917792553
0.7434887705821114
0.8802652113263867
0.6406775241967646
0.33249468628454837
0.3389368590513998
0.8009879007220178
0.46747902731273483
0.23902634239259613
0.8773264843832121
0.33161120838320435
0.5921471310241776
0.3883880941147373
0.24816748024702662
0.3666524369776541
1.42466963113747
1.063559081125576
0.9906146566097391
0.33816858389500826
0.8384168007089949
0.44892002383708496
0.6688071870227348
0.5569933389966641
0.2517245715722609
0.9329473005636251
0.39479418504420705
0.6571888164466431
0.31955175310075146
0.43173222147148405
0.42448898878090713
0.3004283332669581
-0.138397546265096
0.6017371442376258
0.30299494805788174
0.43948939986974045
0.4406817021020144
0.6214558017708294
0.7711271269258326
0.17345335575899345
0.17959492263937216
0.940730099450396
0.6247181018958313
0.8276202737911483
0.8050077718966839
0.8798034160157977
0.48845481444607264
0.7219743233158593
0.5602773849162415
0.8062235910510477
0.18569784859139504
0.053749176488656514
0.18647395787499185
0.9937070070974867
0.761210828518656
0.9052278167217856
0.935707482821565
0.1980697693859926
0.15532617021635772
0.41389509690599335
0.4386462401293826
0.4307548695443993
-0.026591732439033705
0.3932336249796393
0.24369692200674542
0.5043941798423456
0.7696921663389716
0.12540007237475048
0.4225045780185518
0.719425089332677
0.3269482236801752
0.2164326040862352
0.8443407362135626
0.2206024653700841
0.13318361368272258
0.6243982342607796
0.16058577933812013
0.7400156126453667
0.1740645611754471
0.4883619806923626
0.6757443741003837
0.780303278102528
0.8198203548190073
0.5424452015887631
0.1252766053461023
0.7150989590893873
0.6795399861696543
0.6522506623747426
0.3753996273854995
0.6886126862535714
0.6158847655702233
0.7121973542199175
0.46180412128987014
0.2928258424481057
0.7520626829382572
0.1567557256177724
0.982649909897127
0.37815081989533306
0.6311721743135107
0.77750549723305
0.3821217417450897
0.27000260843681645
0.9289914516544556
0.42501701965539673
0.14019567568560332
0.3612663563183738
0.43663021074025876
0.3554749483952283
0.8437962151923396
0.05723979608230756
0.8166163736267089
0.8022636440110285
0.08947120329250491
0.5047300363618605
0.8359389373295226
0.5597821192676569
0.4728115220001439
0.8575557832343929
0.7909783079887478
0.36952127285075287
0.5980355185622558
0.3430834891599309
0.44211167259175777
0.9826256110404386
0.6140780936240815
0.8252235870504837
0.43784407682866544
0.7397747905344769
1.7669491855419301
1.4078078124824582
1.5347937776417677
1.5033811887634403
1.6054948745793307
0.5557792172242734
0.3547040026899073
0.5318263401034049
0.06389723531696767
0.7201166249753786
0.9807946055532238
0.8081591806340197
0.21499461898756977
0.23961759083722425
0.19095318192974256
0.18018535789954235
0.3861295290612768
0.37524135793963004
0.3594763881800409
0.37873502730271447
0.7554034062405762
0.7861644967038465
0.7726572282546431
0.49983459586638634
0.2517537360202856
0.11693763461446238
0.20789970392647705
0.2513723949157296
0.1334179132726644
0.9031718264662796
0.5436055569680811
0.8891554867496722
0.06430907309519895
0.6388894555984614
0.6657826367751987
0.7179481469740318
0.572846305125199
0.38016907364486896
0.042710334372160985
0.2553108593722113
0.48287229460212655
0.2613138570146191
-0.14494257191303395
0.4362084305215368
0.5279612961988261
0.6976220008105316
-0.1371579308083869
0.02119434244013718
0.5378240208621667
0.8337746046798109
0.5043521092237834
0.7136668447636952
0.8124310689291528
0.9221239751114564
0.13758667862367302
0.7102571886548388
0.8529084196467087
1.486111534674779
0.9888336549243341
1.093998984101835
0.9969209960949694
0.9092082874278208
0.05149506611130339
0.6233346563462107
0.6230015117928459
0.8543066673370207
0.4475563028748024
0.1499600211084947
0.673616889559477
0.45120315885073564
0.5872866728630459
0.6277057001464336
0.548586763605507
0.6412103692180524
0.6164832003884186
0.51616344726671
0.16840244154574635
0.2627231544277784
0.5585533476950607
0.3160404282486099
0.283162693352518
0.7450362612318188
0.29904729932629903
0.8613838035919837
0.7623627861042085
0.4149197261955959
0.7711935790955511
0.6302322730212626
0.5666566883231223
0.29614570128899176
0.2522897047597778
0.19855816957073968
0.4243170975025341
0.00578453664609202
0.10977155019346463
0.645999676779583
0.6902303476793246
0.2758738203372381
0.6695132234075389
0.5112415507184842
0.539829042440554
1.1856048984785428
0.409786811941917
0.26782250395983764
0.6434159101552553
0.4594787621400045
0.6227342810783882
0.07630046713252736
0.7753931177071434
0.39721356764877236
0.9670823049507247
0.2400466360366683
1.3980661938928372
1.9992569876394086
1.7407650248572115
0.9837098327109616
1.5061758108234362
0.6684183082380009
0.6336502064160963
0.6635284673414964
0.24443933183099975
0.8124303348832971
0.8496469015039497
0.6442905823868444
0.5480846386150048
1.0111138185995923
0.5999205819772185
0.4148436934208762
0.46911720032313076
0.3698941383767635
0.6829310617418031
0.7209986403170076
0.5336045843760755
0.09905970935960073
0.22106037991133842
0.8643435958632046
0.5438742698829888
0.7194813238424497
0.5644383247624493
0.23525713332267228
0.2156374229395598
1.1735095643188542
0.12018409231126381
0.09396073962127194
0.6815720586936453
0.1818344353892063
0.45279662822032285
0.6505942142222623
0.5850439989466732
0.6184503308863317
0.7451953597188764
0.9149274723904048
0.027012082019352013
0.3074751330045653
0.29766585222387765
0.3317378807433096
0.1500183294985984
0.3487244422050413
-0.007099304309074697
0.04128966551076141
0.900661588248122
0.3357398248139455
0.24866522037839778
0.8592652590021841
0.488223977392694
0.7249587101668643
0.5886255212211449
0.4459413679386767
0.29058885550879665
1.1363505996530108
0.3112176148359074
0.42090313816283176
0.10561571020714455
0.7030419988363885
0.9684801134952135
0.7593553576256814
0.9863867897739642
0.5736909256527044
0.33522965974082874
0.06615545833538283
0.6459750016970477
0.6088581642390634
0.4330731894297582
0.36474741153061047
0.3105984885028575
0.6577309812664469
0.6448803940789215
0.8560359896686002
0.21530891353115622
0.9021754140195561
0.14418494882553146
0.4858872888277649
0.5853759257789442
0.506791473102037
0.5326861200933705
0.6554560458774521
1.9031151494620138
1.141382585666988
1.3153136334208995
1.0751481184389904
1.196485644697269
0.16784322405108243
0.8677605158626198
0.5871129875400076
1.0279670748533518
0.28083245461873596
0.4446207171067075
0.7158630728413342
0.5044737107280144
0.6916689131592637
0.6325989475434167
0.465361184450275
0.6349213905441414
0.5049410632922705
0.5165885650890784
0.011714852697424893
0.2009884854045787
0.6890542731431394
0.8192674054913966
0.18195864842843046
0.07797668554788373
0.3959316755363198
0.18049826615483533
0.7890633979447291
1.3760076234924226
1.6843211453414866
1.563018171081811
1.8383499937252716
1.5090112661091155
0.3934982189397498
0.7906231833337217
0.1925313107355996
0.9836060086110336
0.6563444584246719
0.8218928172127596
0.722554988270978
0.6373907670204464
0.577536301040545
0.6081322427650284
0.6054760935427081
0.5411421748656617
0.521099902449304
0.5712558900202634
0.09879053630997092
0.649615356788437
0.6695123641447813
0.6407657325665327
0.2027110352926399
0.6415369052607549
0.9646366040291997
0.7441145989808553
0.5122265312651009
0.8279702521837266
0.07850863496772931
0.47183782829352294
0.5209938159475084
0.3114940710445818
0.1210860490608896
0.30677883092715263
0.5626135053107565
0.4443483535156999
0.9651325937679874
0.20997409210059792
0.3024341091855447
0.8512587474268177
0.33455801306338256
0.3110901883013639
0.4687496307209139
0.42492973037022114
0.5307000340268646
0.47496853552300794
0.5239507356504427
0.8364143842057242
0.8956997476704797
0.5346602130055939
0.8806890883041087
0.6663555811175291
0.5504613792830728
0.11629766944851283
0.7217712268605259
0.7805660283172032
0.6971130202203735
0.04058933519289165
0.9965453303465174
0.23213388348439032
0.6326199004634908
0.7461363240648027
0.7542990638343688
0.1160235100326864
0.9116593221316495
1.0847712156421516
0.29769920026609276
0.5499773349434296
0.5287748892665995
0.5431842840328172
0.6238375397239958
0.49978547888717245
0.6154594887024832
0.616402049873882
0.648844853158505
0.7192634993456698
0.24082150123489177
0.6550555974903048
0.09973826294798083
0.6254867878935756
0.023370629259811815
0.035829596919735085
0.2715845289170023
0.9092474368766271
1.300187359937065
1.0417394168796656
0.9980204284450982
1.276334017823847
0.8134051078001077
0.2017213614476089
0.5619713005655308
0.09418579509626313
0.561921952764538
0.09177342294632751
0.7683909137676901
0.8167952496658722
0.8928795428391065
0.499706267098755
0.8757084702254228
0.6070671507044344
0.7083535246718573
0.9086178992103658
0.1401821897374358
0.025914799991653248
0.21208028316794014
0.7763358213981589
0.03743548705475874
0.9358770289433689
0.5460036794812718
0.20633683360081523
0.4675788706375196
1.4321465268335958
1.1109758403185317
1.766545072552674
1.4975453855524583
1.709268905683463
0.7856971375374991
0.7583411305112685
0.2992237404858116
0.5517968415467209
0.731022855112982
0.6278953055988559
0.45609526281727086
0.9969110064964202
0.7222690067160062
0.4251866731995982
0.5934571425462766
0.525481616741216
0.4835956972055104
0.6028604541734639
0.4090831914312999
0.05284887987648623
0.20313470109548015
0.03909568890830528
0.8611216726189503
0.49032478511828637
0.9760239397702148
0.3712848361584846
0.4399838058773792
0.7776971167388558
0.9482080924381419
0.9021670775948372
0.3129543129169277
0.06873505834108773
0.4199377047461005
0.8304255313831722
0.3467103338959501
0.4460165452700684
0.3001690062576029
0.5630362593093156
0.5125408731927863
0.22133602037947864
0.3578942262066558
0.4675922112631937
0.45800407670956556
0.2384152507144719
0.48065782957770753
0.3873753961442315
0.3364341772314531
0.6190636908343157
0.6418835811607814
0.5162340329627065
0.36223788407614965
0.4599095632540975
0.7661922536463832
0.028462098635240518
0.04625604214710077
0.4074383252839838
0.340817377884695
0.9730266153352952
0.5846309657097556
0.3523880579414356
0.2817085534367014
0.44636238094253833
0.6501306826429429
0.46161602798328927
0.7247886248742911
0.6307438298512812
0.19960206932314373
0.7277021914210067
0.6175380022861231
0.7003192334310578
0.7482110352997505
0.6869854147281318
0.5911459569930361
0.7137628947364036
0.5868464248394193
0.5882604652347411
0.2047949963240936
0.18022434533926313
0.08204054199613864
0.16850316572090818
0.9353487649394991
0.8666863484893153
0.7133124897265757
1.1516848543606735
1.6135288189955774
0.7933880775975786
1.2342863371423691
0.6196525915861523
0.1388196018684369
0.6741658541962762
0.3533787210336521
0.1646043214686792
0.7620549218815349
0.002135446295710497
0.04944697545644128
0.4674856949759747
0.7714629741569653
1.503198544105159
0.9427963498683407
1.1784140936747973
0.801915334679743
1.0699969261274678
0.3462231053005317
0.8228672503839146
0.44825791711348817
0.5153143330228195
0.6521744353635034
0.4520451168676968
0.9090752946462723
0.12563044629762088
0.5548000530156413
1.0731016774515896
1.1679699773843661
1.0624114181607291
2.4800776153793294
1.5105260298252108
0.34230904659727934
0.28136956560034115
0.3876267922134282
0.28718079624337156
0.1814583168518228
0.8628516299130884
0.22454616468861122
0.34165720440297653
0.32370272388838195
0.7114031074042376
0.6712456121697327
1.2275726700358847
0.6247057995950273
0.45522539383322647
0.44520904953102247
0.9901829538650704
0.648722317241774
0.007065405557135973
0.2270431275991972
0.5547288682172259
0.2665119290461817
0.9165789770942059
0.337609078414951
1.3885591344337902
0.7180851458618842
1.2526927788590423
0.9347350932862291
1.0820021258474957
0.45035539478033604
0.23883526417407563
0.4474538558683925
0.10516417970886183
0.9261700503476267
0.8119465090679632
0.536984173819862
0.47805831755315586
0.041366944905731055
0.10113794842708934
0.18803166136771599
0.24249836918943782
-0.14913060881255813
0.2964965130306719
0.15030503696898312
0.6354620187270452
0.12861421717375557
0.42456007425387887
0.8785525173103726
0.8738662790289906
0.4206873589100877
0.09759103185567419
0.3001353024177519
0.691709316066494
0.03726621879186387
0.511224343668258
0.6072771065640531
0.30993709908910894
0.5321674647274908
0.5253728878951086
0.8408432304820157
0.12783908025328494
0.8657915781623895
0.646631217043311
0.7749921542135312
0.2538426497341476
0.7075003158665766
0.7114862770772483
0.5214465987416362
0.5612358916309919
0.695274760013127
0.708794530152725
0.4717372123829666
0.7615080534407189
0.6029808158086304
0.6513389466137625
0.3560284841864073
0.24722685521516274
0.054027910595651374
0.570958731370216
0.34533783015470687
0.2224839405517142
1.0390096916491702
0.5841757960753422
1.573737047284648
0.6137282349067344
0.7946347497842876
0.5974223921470446
0.2788713393871539
0.7976982759663284
0.9226858514341518
1.0281441416437123
0.6418475066627447
0.275109356182588
3.974102006888945
4.2211333887702285
3.8880942265754808
4.676993075671999
4.362959062297089
3.8074214629472287
0.056898716673464356
1.4689983708260583
2.7103772462560816
1.0458787708969375
2.3182509531673694
3.0835634850234324
4.131586405269258
0.8640144032197887
3.6826329157025204
5.6802093425536055
5.559221822242506
5.776405994584734
5.393239393510911
5.587759453069916
0.06424832599145924
2.9556853668338725
5.254388682598666
5.0902739609320165
5.355922847957748
3.8451636779010014
4.83012980417934
0.2533959066247006
1.9422071335090245
3.298848296600594
1.868925619505954
3.182142297740022
4.084842477294452
2.955528113043211
0.42665729241603956
1.106650670873683
1.5293727636569938
0.714434872126895
1.9226322661225175
1.0239575333459068
1.5683341944091231
0.5662548468885307
2.7034352649035243
4.939892389110263
4.772721329843154
5.213864666059461
4.439303129288685
4.812409348973521
0.907971732835301
1.6951489550078604
2.2477160681509156
3.4078945365132887
2.1509853694546948
4.118290808682717
2.656222127474514
0.6649856936989025
-0.8271273216512682
-0.052928587454543256
-0.1837513828591661
-0.05434169015675623
0.06488975979401851
0.6588420218847364
0.047179510185145254
0.5207451565438757
0.500130652202305
0.37234892098809913
0.6325083605418175
0.6099487241264675
0.6525973392505476
0.6264132241492286
0.9639025949709058
1.8724376808877807
2.71147729034026
1.7650216945383597
1.7266175054865536
2.1712458939515966
0.04363108412081296
0.6783686488586341
0.11930230466990066
0.995987604104503
0.23768550465014182
0.010070114596597124
1.2507787201659102
0.24402560364204007
2.445881966754075
2.302243308654307
2.1787119567541575
2.766139849718022
2.858218240611201
2.257330065955873
0.32255768853013406
1.2196952818883149
2.5841806638564537
1.7117447669877544
1.0378406228242514
0.9025594405571713
1.1200355598137304
0.6625251828495504
2.7777133273329024
4.983974990357652
4.909986443320878
5.542049708111556
5.404277184254631
5.554218237589402
0.6546168303718963
1.1657341957869465
1.221339510794145
1.9163881684708428
3.441341015457109
3.540487370672917
2.6248701092867184
0.7442373874751973
