1
40
6
-0.24988205546356151
0.2450324908001249
-0.31578892350818083
0.09196456669524217
-4.0073648255284095E-4
-0.4039625471875118
0.05506600431629848
-0.45494258082095806
-0.23100526143716246
0.04471798320851738
-0.30919070415007893
0.32255347779108395
0.275680392281123
-0.3798650381100097
0.08024747183696794
0.3825085968291593
0.05692741115280804
0.3208901846354362
0.33561252702273353
0.15916686111862624
0.44198960122713016
0.5667377880273291
-0.31640810240877426
-0.12100158933493561
0.059660232008043816
-0.12394244341262341
-0.39620322416359116
-0.08838189536714162
-0.12009035872569084
0.018263412685367842
-0.2981031946276802
-0.03755242381455098
-0.41870982464486073
0.4503642862181609
-0.3238555547909053
-0.4442255860389971
0.3593828369241931
0.050676048645990165
-0.2975314449756152
0.4134452877910122
-0.8104729526810037
0.2531854865821407
0.48481495322586915
0.0348676930372785
0.3246245037864096
-0.28608786504801414
0.4895876454633574
0.20662752992234032
0.1944036615488517
-0.41419178477330215
-0.3902963786116237
0.28316898988196476
0.23197258411408772
-0.2555918956547668
-0.28549110379615134
0.07578811334970187
0.21701968085635145
-0.33897761430155443
-0.2712819933682044
-0.4769380074056819
0.3124353667890959
-0.06152340694820465
-0.03977792919075415
-0.2252192453826244
-0.31865174797617285
0.2953963936943451
0.06821125108792471
0.2941299418401759
0.012710431891626165
0.24807696080787894
0.4768310551304847
0.43963981955939035
-0.22288839140116548
-0.4595038221886739
0.07428441747513045
0.16572506057218092
-0.2516907328465103
-0.022653395915909865
0.313044720573992
0.012564270854302199
0.24691443054115678
-0.16223402898315023
0.07400830416228209
-0.31668608910787654
-0.12746790469991992
0.070591605620633
-0.04721864448236409
-0.15397028745878547
-0.1331320664942645
0.1977017235579241
0.3167009813019758
-0.0887793418417279
-0.32867063442931893
-0.020529050573280135
0.4186480910134942
0.1258186840129138
0.3960556778131773
-0.434154194643887
0.16213729903623372
0.37735296203796803
-0.1459282476315995
0.13369931813532676
-0.28641965684914494
-0.12316143743342274
-0.37997393360773773
-0.17050148002933127
0.25607862901585227
-0.4632342268143531
0.4530897973200839
-0.11310514279498556
0.07753406020050564
0.2692853729343933
-0.41083464119727614
0.48001801051088305
0.13717288777531075
-0.11289388131912373
0.20164467374286102
-0.0808337170210874
0.18354653759647524
-0.3958534070379368
-0.07586451994742666
-0.3547228337123768
0.3003099916360897
0.03336836400407561
-0.4144216179851986
0.07810690801350555
-0.11852507034441609
0.16446229549478436
-0.15559312163447792
-0.08406386677342871
0.46626352241056424
-0.3302578429763551
-0.2905677967738723
0.08615718257750932
-0.011064314386111992
0.1963424022569527
-0.3051237613280003
0.3157753511394505
0.46235573653664824
-0.45678020900931066
-0.4957525330924527
0.19895979178441084
-0.2300222067787786
-0.03626248615165036
-0.030741185147568403
0.1466240864327673
0.12427855849027701
0.28082801438847216
-0.4691253286748197
-0.10975403721825237
0.08566593466123339
-0.43976911603983865
0.27210725586754186
-0.3921988698587383
0.04184965845588545
0.013879554357071954
-0.46705245172394194
0.379477242870381
-0.12340474563790338
0.3046277974540872
-0.2755914422282015
-0.0912156333285223
0.23346079149858082
-0.4073459086430393
-0.010431692007212686
0.43182451352527973
0.19519485975862363
-0.26718067233196113
-0.2636433270741345
0.3104665010255313
-0.1741527511470742
-0.42827657064297947
0.43266762384928364
-0.2763477790663334
-0.45025055683861476
0.08741883359097638
0.36624809854037954
-0.18673175606609688
-0.3650430318045199
-0.14698376474668637
-0.20495639787293668
-0.4148477817771049
0.05519393781335673
0.22846607639947006
0.4837323953485107
-0.08487223889833546
0.44144838434427097
-0.23336547927713022
0.005136709789630299
0.36498714450772357
-0.3907309338329588
-0.049907257168679504
-0.4072156952597072
0.08379566069793733
-0.45714725903447584
-0.16009177841440297
-0.3416545244427564
-0.053498187227667755
0.16025054546237538
0.1266091601652107
0.40910480811728145
0.3160997829709623
0.1943179670439455
0.44811979501395927
-0.03925430261977165
-0.07114535730509389
-0.16535406561404803
-0.3185854550910282
0.010223985058923031
-0.2621091339061782
-0.12293142742255349
-0.47889768564714086
0.08136395189835065
0.393363440518574
-0.4317452491036094
-0.12107569010948048
0.44013069164191027
-0.3857190593450458
-0.16548677360665207
-0.3314471511409237
0.35960412864747016
-0.020385148968662413
0.4211789811476635
0.043679933596581545
-0.25551921271127087
-0.4184467622323458
-0.47130681414089204
-0.3572924826641371
-0.43233201124120063
-0.013987342268792592
0.016444570728394736
-0.44288423828956625
-0.43475119800172474
-0.3726073383768061
0.1394760499632025
-0.01245932249481447
0.22681015860748788
-0.28467014593789913
-0.23805210221316073
-0.13940856564827322
-0.11130240555513352
-0.4367192946836664
-0.09404371559404008
-0.25945958318558243
0.2654693499112502
-0.3169427336370005
0.30067043419394324
-0.22799083088219396
-0.4454108161694128
-0.12385881981856614
0.12270871068617514
-0.36385876940668127
-0.2356690451183147
-0.13660073699562697
-0.12274783448697249
-0.1345131168386238
-0.3194366909780507
0.3991606277678866
-0.11032725232281555
0.2313496908749432
0.36348290967234265
-0.17016579197201176
-0.47805446514635885
-0.15898704824211907
0.25492802193225284
-0.03714624888181839
0.029128810846538823
0.26529116022924776
-0.3067887342558025
0.3350067169053408
0.21589124324628
0.23135735194226242
0.01832319290887525
-0.1770545710970073
-0.03450080215347789
0.17447932969084315
-0.273836204406194
-0.11968478209666819
0.008408177928236496
-0.3960699153166406
0.47330738295018004
0.3833089093518906
0.2526463839963472
-0.28234513932558325
-0.4257053969904164
0.19074577862881906
-0.40280720012518834
0.012047187632393803
-0.04962741360280096
0.07471942909437147
-0.36849819854868254
-0.04926291401709642
0.16815886461745452
-0.10034015049618214
0.43697590792988433
-0.037112424209221985
0.25836944912638343
-0.1260045209284426
-0.299362939456607
-0.07260761728414548
-0.08342492164934284
-0.21435925942062845
-0.4430627368261807
-0.4296517851235133
-0.2450876811706397
0.06166030378246905
0.4077443582501006
0.20919339269402562
-0.37016290936572965
-0.362610777107444
0.046802085999679194
-0.12961619968547766
0.5154716396591984
-0.16771019640821253
-0.05883124041997112
-0.3592974930466177
0.34974119209711896
-0.29549224173523886
-0.031126141281881067
-0.018605532900556845
0.04747496511187189
